1 1 1 2.40 0.60 0.02 0.03
2 1 2 6.45 1.10 0.07 0.05
3 1 3 5.05 1.90 -0.16 -0.07
4 1 4 5.65 2.20 0.14 0.16
5 1 5 5.40 1.30 -0.09 0.06
6 1 6 5.65 0.40 -0.02 -0.03
7 1 7 5.30 1.60 0.00 0.13
8 1 8 5.80 1.20 0.03 -0.09
9 1 9 5.25 1.20 -0.04 -0.10
10 1 10 5.10 0.80 -0.01 -0.07
11 1 11 6.30 0.50 0.01 -0.04
12 1 12 6.70 3.90 0.28 0.26
13 2 1 3.80 1.50 0.09 -0.01
14 2 2 4.80 0.70 -0.04 -0.04
15 2 3 5.20 1.50 -0.12 -0.06
16 2 4 2.85 1.20 -0.04 0.10
17 2 5 3.35 1.30 -0.02 0.10
18 2 6 3.05 0.30 0.02 0.01
19 2 7 5.20 2.00 0.13 -0.06
20 2 8 2.70 0.70 -0.02 -0.06
21 2 9 4.55 0.60 -0.02 -0.03
22 2 10 2.50 2.30 0.16 0.14
23 2 11 5.00 1.70 -0.08 -0.14
24 2 12 4.90 0.90 -0.06 -0.05
25 3 1 4.25 0.70 0.02 -0.01
26 3 2 4.80 2.50 -0.18 -0.16
27 3 3 5.85 1.30 -0.00 0.07
28 3 4 5.95 1.10 -0.03 0.09
29 3 5 7.00 0.90 0.05 0.02
30 3 6 6.85 1.50 0.12 0.07
31 3 7 7.25 1.40 0.10 0.09
32 3 8 7.30 1.70 -0.13 -0.11
33 3 9 7.40 1.80 0.03 0.13
34 3 10 7.05 1.90 -0.04 0.18
35 3 11 5.95 1.80 0.04 0.15
36 3 12 7.15 2.90 0.08 0.27
37 4 1 4.90 1.10 -0.03 -0.00
38 4 2 3.20 1.90 0.13 0.09
39 4 3 4.35 1.00 0.05 0.06
40 4 4 3.65 0.60 -0.01 -0.00
41 4 5 3.60 2.00 0.00 0.15
42 4 6 3.80 1.20 -0.11 0.02
43 4 7 3.80 3.90 0.31 0.23
44 4 8 3.85 0.70 0.02 0.06
45 4 9 2.50 0.20 0.00 0.02
46 4 10 2.50 0.80 0.04 0.00
47 4 11 4.20 0.90 -0.02 0.02
48 4 12 4.25 1.00 0.02 0.07
49 5 1 4.30 5.50 0.44 0.31
50 5 2 7.05 1.40 0.08 0.11
51 5 3 6.40 4.50 0.36 0.26
52 5 4 7.10 1.40 0.11 0.07
53 5 5 4.20 5.70 0.51 0.24
54 5 6 6.45 1.70 0.11 0.11
55 5 7 6.65 0.80 0.05 0.06
56 5 8 7.45 1.40 0.08 0.10
57 5 9 4.55 5.20 0.47 0.19
58 5 10 4.80 5.50 0.43 0.33
59 5 11 7.80 2.00 0.12 0.15
60 5 12 6.75 3.10 0.25 0.18
61 6 1 2.00 2.20 0.19 0.07
62 6 2 2.10 1.50 0.10 -0.06
63 6 3 1.90 0.40 0.01 -0.03
64 6 4 1.25 0.10 -0.00 -0.01
65 6 5 2.30 0.50 0.01 0.03
66 6 6 2.50 2.60 0.21 0.05
67 6 7 2.75 2.90 0.22 0.12
68 6 8 2.25 1.10 0.04 -0.06
69 6 9 2.00 0.60 -0.02 0.05
70 6 10 2.25 0.90 -0.01 0.08
71 6 11 1.10 0.10 0.01 -0.00
72 6 12 1.75 0.60 0.05 0.01
73 7 1 4.95 2.70 0.10 0.19
74 7 2 4.20 4.70 0.37 0.27
75 7 3 3.95 2.90 -0.20 0.19
76 7 4 7.05 1.30 0.06 0.05
77 7 5 5.20 1.00 0.03 0.09
78 7 6 7.50 1.80 0.04 0.15
79 7 7 5.80 2.60 -0.02 0.21
80 7 8 5.90 3.00 0.13 0.26
81 7 9 6.10 3.50 -0.07 0.32
82 7 10 6.20 4.40 -0.08 0.41
83 7 11 5.30 4.30 0.28 0.31
84 7 12 5.45 0.50 -0.02 0.01
85 8 1 3.05 1.40 0.03 0.10
86 8 2 5.75 4.10 -0.08 0.39
87 8 3 3.25 1.10 0.01 0.03
88 8 4 6.00 3.80 0.27 0.15
89 8 5 5.60 2.90 -0.15 0.16
90 8 6 5.60 3.30 -0.14 0.28
91 8 7 5.45 2.30 -0.08 0.20
92 8 8 5.40 3.60 -0.08 0.33
93 8 9 3.25 1.50 -0.00 0.02
94 8 10 5.55 2.50 -0.11 0.18
95 8 11 5.50 3.00 -0.08 0.26
96 8 12 5.90 2.60 -0.15 0.19
97 9 1 7.80 1.30 0.08 0.09
98 9 2 7.70 1.80 0.14 0.08
99 9 3 7.50 2.00 0.10 0.17
100 9 4 6.80 1.30 0.07 0.06
101 9 5 6.30 3.80 0.02 0.37
102 9 6 7.15 3.40 0.15 0.29
103 9 7 7.10 1.60 0.14 0.04
104 9 8 6.50 0.40 -0.01 -0.04
105 9 9 7.35 1.40 0.13 -0.01
106 9 10 7.50 1.00 -0.02 0.08
107 9 11 7.65 1.30 0.06 0.11
108 9 12 7.70 0.60 0.05 0.03
109 10 1 6.70 1.70 0.09 0.14
110 10 2 5.80 3.40 0.32 0.11
111 10 3 3.45 2.50 -0.09 -0.21
112 10 4 6.45 4.20 0.40 0.11
113 10 5 4.80 4.10 0.33 0.23
114 10 6 4.60 1.90 0.06 -0.15
115 10 7 3.00 1.80 0.13 0.08
116 10 8 6.65 4.50 0.34 0.27
117 10 9 5.35 5.20 0.36 0.36
118 10 10 5.55 2.20 -0.04 0.20
119 10 11 6.25 0.90 0.03 -0.06
120 10 12 4.65 4.80 0.36 0.31
121 11 1 2.15 0.90 0.07 0.05
122 11 2 2.80 0.60 -0.03 -0.03
123 11 3 2.40 0.80 0.03 0.01
124 11 4 2.95 1.80 -0.05 0.11
125 11 5 3.35 1.50 0.05 0.11
126 11 6 3.35 1.60 -0.00 0.10
127 11 7 3.45 1.00 -0.03 -0.07
128 11 8 2.25 1.00 0.05 0.01
129 11 9 5.00 2.40 0.03 0.23
130 11 10 2.20 0.20 -0.01 0.01
131 11 11 2.85 1.40 -0.03 0.09
132 11 12 4.00 2.30 -0.17 0.11
133 12 1 1.50 0.20 0.00 0.02
134 12 2 2.15 0.90 0.05 0.06
135 12 3 4.95 1.40 -0.10 -0.00
136 12 4 2.20 0.80 0.04 0.02
137 12 5 1.40 0.20 0.01 0.00
138 12 6 3.80 1.00 0.01 -0.09
139 12 7 2.60 0.20 0.01 0.02
140 12 8 1.55 0.30 -0.01 0.02
141 12 9 2.10 0.40 0.03 0.01
142 12 10 1.90 0.40 0.02 0.01
143 12 11 1.95 0.60 0.00 -0.01
144 12 12 1.85 0.40 -0.02 -0.03
145 13 1 5.70 1.80 -0.04 0.16
146 13 2 6.30 3.60 0.28 0.20
147 13 3 5.85 2.50 0.12 0.10
148 13 4 4.85 3.60 0.27 0.14
149 13 5 6.95 2.70 0.00 0.25
150 13 6 5.80 1.40 0.06 0.01
151 13 7 4.55 2.20 0.04 0.18
152 13 8 5.95 1.30 -0.04 0.10
153 13 9 4.65 1.10 -0.01 0.01
154 13 10 6.15 3.90 0.30 0.22
155 13 11 5.35 1.70 -0.02 -0.10
156 13 12 3.75 1.40 0.10 0.06
157 14 1 2.50 0.40 0.00 -0.00
158 14 2 5.20 1.60 -0.08 -0.12
159 14 3 2.95 1.00 0.05 0.03
160 14 4 4.15 2.10 0.13 0.14
161 14 5 2.60 0.50 0.01 -0.00
162 14 6 2.30 3.90 0.36 0.11
163 14 7 2.95 1.30 -0.06 0.09
164 14 8 3.65 1.10 0.05 -0.09
165 14 9 3.90 2.00 0.10 0.13
166 14 10 4.45 1.10 -0.04 0.02
167 14 11 3.00 1.30 -0.01 -0.04
168 14 12 3.95 1.40 0.05 -0.10
169 15 1 7.15 1.20 -0.01 0.09
170 15 2 8.05 0.20 0.02 0.01
171 15 3 8.20 0.40 0.01 0.04
172 15 4 7.65 0.70 0.04 0.02
173 15 5 7.00 1.10 0.10 0.02
174 15 6 7.15 1.30 -0.06 -0.09
175 15 7 6.35 0.80 0.02 -0.05
176 15 8 5.70 5.10 0.40 0.30
177 15 9 7.35 0.20 -0.00 0.00
178 15 10 7.15 3.90 0.26 0.28
179 15 11 6.65 3.80 0.31 0.21
180 15 12 6.60 0.40 -0.01 -0.04
181 16 1 6.50 0.80 -0.04 0.01
182 16 2 4.60 1.00 -0.03 0.03
183 16 3 6.15 1.70 -0.09 -0.14
184 16 4 5.60 1.30 -0.02 -0.06
185 16 5 5.05 1.40 -0.06 0.00
186 16 6 5.85 1.10 -0.02 -0.02
187 16 7 4.30 1.80 -0.06 -0.08
188 16 8 5.40 2.00 -0.02 0.16
189 16 9 5.60 2.30 0.05 0.21
190 16 10 5.00 1.50 0.01 0.01
191 16 11 3.20 0.80 0.02 -0.02
192 16 12 4.85 1.20 0.04 0.05
193 17 1 4.80 1.00 -0.08 -0.03
194 17 2 5.15 1.40 0.02 0.02
195 17 3 6.40 2.70 0.05 0.26
196 17 4 4.45 2.70 -0.21 -0.00
197 17 5 6.90 1.90 0.01 0.16
198 17 6 5.70 1.80 -0.12 0.01
199 17 7 4.55 2.50 -0.03 0.23
200 17 8 3.25 1.70 -0.04 0.13
201 17 9 5.45 2.30 -0.07 0.21
202 17 10 5.15 1.50 0.04 0.14
203 17 11 5.45 1.80 0.03 0.09
204 17 12 6.80 1.70 0.01 -0.09
205 18 1 5.95 1.20 0.05 0.03
206 18 2 5.30 2.50 0.16 0.17
207 18 3 5.95 3.30 -0.27 0.17
208 18 4 6.05 1.40 -0.02 0.13
209 18 5 6.95 1.00 0.03 -0.01
210 18 6 6.85 2.90 0.14 0.25
211 18 7 6.20 2.40 0.03 0.23
212 18 8 5.95 1.40 0.00 -0.08
213 18 9 6.45 1.00 0.03 -0.01
214 18 10 5.80 3.90 0.30 0.22
215 18 11 4.90 5.50 0.51 0.19
216 18 12 7.00 3.70 0.18 0.32
217 19 1 5.80 1.60 -0.04 -0.04
218 19 2 6.15 0.90 0.01 0.05
219 19 3 4.15 2.70 0.06 0.25
220 19 4 4.80 4.10 0.29 0.28
221 19 5 4.35 1.30 -0.08 -0.01
222 19 6 5.20 1.60 0.12 -0.00
223 19 7 4.75 3.30 -0.04 0.29
224 19 8 5.30 1.00 -0.00 0.01
225 19 9 3.25 0.60 -0.02 0.03
226 19 10 5.10 1.30 -0.08 -0.02
227 19 11 4.15 2.40 0.09 0.16
228 19 12 4.15 2.30 0.07 0.19
229 20 1 5.10 3.40 -0.25 0.22
230 20 2 6.70 0.80 -0.01 -0.01
231 20 3 5.35 0.70 -0.05 0.01
232 20 4 4.90 0.40 -0.03 0.00
233 20 5 4.20 5.70 0.51 0.24
234 20 6 3.50 1.20 0.07 -0.02
235 20 7 4.30 4.60 -0.30 -0.34
236 20 8 3.80 5.00 0.38 0.32
237 20 9 5.90 1.70 0.00 -0.07
238 20 10 4.85 0.50 0.02 -0.03
239 20 11 6.30 1.60 -0.12 0.08
240 20 12 4.30 0.90 0.00 0.04
241 21 1 3.10 1.00 0.04 -0.08
242 21 2 1.45 0.20 -0.01 -0.01
243 21 3 2.20 0.30 0.00 -0.00
244 21 4 3.65 0.80 -0.01 -0.01
245 21 5 2.45 1.20 0.04 -0.00
246 21 6 3.25 1.50 0.08 0.10
247 21 7 2.75 1.30 0.03 0.10
248 21 8 2.30 0.30 0.01 -0.01
249 21 9 1.45 0.20 0.01 0.01
250 21 10 2.10 0.30 0.02 -0.00
251 21 11 1.65 0.60 0.03 -0.03
252 21 12 3.25 1.10 -0.01 0.02
253 22 1 4.60 3.50 0.09 0.32
254 22 2 5.50 3.10 0.12 0.28
255 22 3 6.65 1.70 -0.02 0.16
256 22 4 5.25 2.40 0.20 0.12
257 22 5 5.60 2.30 0.17 0.09
258 22 6 5.15 4.40 0.37 0.21
259 22 7 3.65 5.50 0.50 0.22
260 22 8 6.05 5.40 0.34 0.41
261 22 9 2.00 0.40 0.03 0.02
262 22 10 3.60 2.80 0.22 0.16
263 22 11 3.80 5.70 0.56 0.11
264 22 12 4.70 5.10 0.32 0.38
265 23 1 4.30 3.20 0.20 0.23
266 23 2 7.55 3.00 0.14 0.26
267 23 3 7.00 4.60 0.14 0.43
268 23 4 6.30 1.60 -0.03 -0.04
269 23 5 7.25 2.90 0.07 0.27
270 23 6 6.75 4.40 0.17 0.40
271 23 7 6.35 4.90 0.25 0.41
272 23 8 6.15 2.70 0.21 0.12
273 23 9 6.95 1.20 0.08 0.06
274 23 10 6.05 3.50 0.19 0.29
275 23 11 2.05 2.80 0.26 -0.00
276 23 12 4.60 1.80 -0.09 -0.09
277 24 1 3.70 5.70 0.51 0.25
278 24 2 7.10 1.80 0.05 0.16
279 24 3 5.50 2.20 0.12 0.11
280 24 4 3.30 4.10 0.32 0.23
281 24 5 6.10 5.30 0.29 0.42
282 24 6 5.20 4.00 0.36 0.14
283 24 7 6.45 5.00 0.17 0.43
284 24 8 5.90 4.10 0.07 0.40
285 24 9 4.35 4.80 0.35 0.32
286 24 10 5.80 4.10 0.08 0.39
287 24 11 5.35 2.90 0.12 0.07
288 24 12 4.65 2.00 0.13 0.13
289 25 1 6.95 1.90 0.03 0.18
290 25 2 3.60 5.70 0.53 0.21
291 25 3 4.65 1.70 0.06 0.15
292 25 4 7.40 2.60 0.13 0.22
293 25 5 6.90 3.70 0.12 0.33
294 25 6 7.45 0.60 0.00 -0.04
295 25 7 5.55 1.40 -0.10 0.04
296 25 8 7.15 3.40 0.00 0.33
297 25 9 6.60 3.30 0.01 0.32
298 25 10 4.75 2.10 0.00 0.18
299 25 11 6.35 0.60 0.02 0.00
300 25 12 6.55 1.40 0.05 0.13
301 26 1 6.90 3.80 0.14 0.35
302 26 2 7.00 1.50 0.12 0.08
303 26 3 7.55 1.30 0.07 0.10
304 26 4 3.55 2.80 0.04 0.27
305 26 5 6.40 0.60 0.02 0.05
306 26 6 6.90 1.60 0.06 0.14
307 26 7 6.75 1.30 0.02 0.12
308 26 8 6.70 1.50 0.08 0.11
309 26 9 4.95 4.10 0.08 0.39
310 26 10 5.95 1.60 -0.05 -0.13
311 26 11 7.20 1.60 0.08 0.14
312 26 12 6.95 1.50 0.07 0.07
313 27 1 7.65 1.90 0.11 0.14
314 27 2 7.90 0.40 0.02 0.04
315 27 3 7.10 1.80 -0.07 -0.14
316 27 4 7.15 0.80 0.03 -0.01
317 27 5 3.80 0.50 -0.01 0.03
318 27 6 6.90 0.30 -0.02 -0.02
319 27 7 7.55 0.10 -0.00 -0.01
320 27 8 6.80 0.60 0.03 0.02
321 27 9 7.10 0.40 0.00 -0.01
322 27 10 7.40 1.60 0.14 0.06
323 27 11 7.10 0.70 0.04 -0.01
324 27 12 5.80 2.40 0.01 0.10
325 28 1 4.80 1.00 0.05 0.01
326 28 2 3.55 0.30 -0.01 -0.02
327 28 3 6.15 1.70 0.10 0.09
328 28 4 5.60 2.90 -0.13 -0.13
329 28 5 4.80 5.60 0.46 0.31
330 28 6 4.05 0.50 -0.00 0.01
331 28 7 7.30 2.30 0.07 0.21
332 28 8 7.50 2.20 0.12 0.18
333 28 9 6.70 3.60 0.33 0.13
334 28 10 7.20 3.40 0.27 0.20
335 28 11 6.45 4.70 0.41 0.22
336 28 12 7.40 0.40 0.01 -0.00
337 29 1 3.85 4.50 0.31 0.32
338 29 2 7.25 4.50 0.13 0.43
339 29 3 7.00 1.80 0.03 0.17
340 29 4 7.25 1.80 0.05 0.17
341 29 5 4.40 5.70 0.46 0.32
342 29 6 6.10 3.30 0.25 0.21
343 29 7 4.55 5.70 0.47 0.30
344 29 8 7.30 3.70 0.14 0.34
345 29 9 4.65 5.60 0.50 0.24
346 29 10 6.30 4.20 0.24 0.33
347 29 11 7.25 2.00 -0.01 0.19
348 29 12 7.05 5.40 0.27 0.46
349 30 1 3.75 2.20 0.16 0.12
350 30 2 3.45 1.80 0.06 0.11
351 30 3 4.60 5.00 0.39 0.30
352 30 4 3.40 0.50 -0.01 0.04
353 30 5 3.75 2.30 0.20 0.10
354 30 6 4.30 4.20 0.32 0.25
355 30 7 4.70 2.30 0.09 0.20
356 30 8 3.25 3.70 0.31 0.18
357 30 9 3.75 3.50 0.20 0.27
358 30 10 3.30 0.50 -0.03 0.01
359 30 11 4.65 5.60 0.39 0.39
360 30 12 5.35 3.80 0.26 0.27