1, 16, 0.317277, 0.61527, 0.174, 0.470708, 0.252001, 0.183054, 0.726, 0.307549, 0.39748, 0.523
1, 17, 0.307804, 0.652253, 0.174, 0.460869, 0.220573, 0.20709, 0.726, 0.26412, 0.427436, 0.409
1, 18, 0.250811, 0.57335, 0.174, 0.446212, 0.222033, 0.229958, 0.726, 0.270484, 0.409231, 0.635
1, 19, 0.319696, 0.60607, 0.216564, 0.427848, 0.174, 0.250228, 0.726, 0.31461, 0.364469, 0.671
1, 20, 0.343336, 0.603545, 0.174, 0.396323, 0.203678, 0.187592, 0.726, 0.324557, 0.407157, 0.447
1, 21, 0.285352, 0.604329, 0.192662, 0.493966, 0.22949, 0.174, 0.726, 0.255567, 0.366177, 0.4
1, 22, 0.306878, 0.571948, 0.200267, 0.420357, 0.205531, 0.174, 0.726, 0.285533, 0.328853, 0.412
1, 23, 0.288526, 0.571007, 0.174, 0.505894, 0.218971, 0.20966, 0.726, 0.237044, 0.297289, 0.267
1, 24, 0.362257, 0.664389, 0.174, 0.502659, 0.27188, 0.226659, 0.726, 0.264837, 0.408399, 0.338
1, 25, 0.29503, 0.594757, 0.182268, 0.432735, 0.177752, 0.174, 0.726, 0.232083, 0.367704, 0.417
1, 26, 0.279675, 0.613623, 0.174, 0.472001, 0.238041, 0.212046, 0.726, 0.249211, 0.431383, 0.277
1, 27, 0.312277, 0.608631, 0.174, 0.416033, 0.236006, 0.200574, 0.726, 0.273718, 0.399815, 0.327
1, 28, 0.311265, 0.662722, 0.17701, 0.517338, 0.250367, 0.174, 0.726, 0.248827, 0.45252, 0.488
1, 29, 0.327753, 0.572598, 0.174, 0.450909, 0.245924, 0.183555, 0.726, 0.238538, 0.392995, 0.235
1, 30, 0.352031, 0.608586, 0.174, 0.445666, 0.231538, 0.269459, 0.726, 0.300595, 0.4017, 0.48
2, 16, 0.29587, 0.629065, 0.214332, 0.537304, 0.253792, 0.174, 0.726, 0.330281, 0.344556, 0.502
2, 17, 0.368294, 0.651281, 0.317742, 0.477675, 0.347006, 0.174, 0.726, 0.365176, 0.459325, 0.508
2, 18, 0.293428, 0.614167, 0.248411, 0.423045, 0.250387, 0.174, 0.726, 0.297627, 0.407916, 0.592
2, 19, 0.339542, 0.663741, 0.20763, 0.418399, 0.174, 0.176464, 0.726, 0.348384, 0.410861, 0.503
2, 20, 0.412263, 0.655558, 0.206153, 0.380172, 0.281626, 0.174, 0.726, 0.385019, 0.484791, 0.535
2, 21, 0.287872, 0.61723, 0.262484, 0.567263, 0.287001, 0.174, 0.726, 0.303117, 0.375983, 0.573
2, 22, 0.317477, 0.634271, 0.174, 0.486438, 0.204555, 0.197794, 0.726, 0.381252, 0.407581, 0.265
2, 23, 0.306973, 0.621346, 0.174, 0.502738, 0.17441, 0.202318, 0.726, 0.301911, 0.354238, 0.294
2, 24, 0.365454, 0.642678, 0.239472, 0.494851, 0.363649, 0.174, 0.726, 0.314417, 0.458764, 0.253
2, 25, 0.32843, 0.649819, 0.301365, 0.488185, 0.301491, 0.174, 0.726, 0.336198, 0.400163, 0.565
2, 26, 0.281303, 0.617047, 0.218355, 0.553655, 0.272293, 0.174, 0.726, 0.309731, 0.404407, 0.609
2, 27, 0.397145, 0.676603, 0.219907, 0.43225, 0.288273, 0.174, 0.726, 0.355387, 0.457344, 0.461
2, 28, 0.345021, 0.661858, 0.174, 0.556105, 0.326363, 0.193151, 0.726, 0.314746, 0.464082, 0.383
2, 29, 0.32515, 0.635745, 0.174263, 0.539564, 0.23417, 0.174, 0.726, 0.28361, 0.412509, 0.32
2, 30, 0.388323, 0.671484, 0.174, 0.418516, 0.236452, 0.234129, 0.726, 0.376323, 0.484452, 0.673
3, 16, 0.354674, 0.63868, 0.283019, 0.485044, 0.321544, 0.174, 0.726, 0.361288, 0.416058, 0.583
3, 17, 0.311521, 0.726, 0.205276, 0.491433, 0.247896, 0.174, 0.689972, 0.266064, 0.400289, 0.579
3, 18, 0.253968, 0.663023, 0.245008, 0.46902, 0.233765, 0.174, 0.726, 0.23275, 0.407734, 0.488
3, 19, 0.314842, 0.699234, 0.174, 0.418438, 0.253491, 0.212375, 0.726, 0.26123, 0.38756, 0.586
3, 20, 0.389358, 0.703788, 0.174, 0.411724, 0.25939, 0.174922, 0.726, 0.269074, 0.379444, 0.314
3, 21, 0.346073, 0.633196, 0.306407, 0.512694, 0.261102, 0.174, 0.726, 0.275326, 0.367692, 0.367
3, 22, 0.332796, 0.572002, 0.1877, 0.421646, 0.255277, 0.174, 0.726, 0.254583, 0.316668, 0.32
3, 23, 0.325754, 0.596608, 0.174, 0.451715, 0.312337, 0.202366, 0.726, 0.230793, 0.341254, 0.324
3, 24, 0.390914, 0.726, 0.280802, 0.491526, 0.308725, 0.174, 0.705057, 0.256116, 0.391561, 0.444
3, 25, 0.354405, 0.649497, 0.306591, 0.473839, 0.322801, 0.174, 0.726, 0.271867, 0.395777, 0.455
3, 26, 0.301453, 0.621703, 0.272143, 0.464687, 0.250764, 0.174, 0.726, 0.260026, 0.372824, 0.361
3, 27, 0.307324, 0.708146, 0.249743, 0.439721, 0.261878, 0.174, 0.726, 0.252217, 0.445517, 0.318
3, 28, 0.319054, 0.671089, 0.19404, 0.471848, 0.20945, 0.174, 0.726, 0.234337, 0.409848, 0.365
3, 29, 0.312058, 0.582399, 0.252989, 0.446767, 0.246869, 0.174, 0.726, 0.262978, 0.38048, 0.262
3, 30, 0.350882, 0.696839, 0.174, 0.412223, 0.267006, 0.243957, 0.726, 0.252352, 0.416715, 0.365
4, 16, 0.310441, 0.677921, 0.267351, 0.543102, 0.282005, 0.174, 0.726, 0.349727, 0.392568, 0.626
4, 17, 0.383656, 0.631475, 0.320229, 0.494559, 0.277677, 0.174, 0.726, 0.389812, 0.409134, 0.48
4, 18, 0.340662, 0.598147, 0.292151, 0.461454, 0.222403, 0.174, 0.726, 0.339799, 0.354838, 0.63
4, 19, 0.365633, 0.642899, 0.247218, 0.41318, 0.186836, 0.174, 0.726, 0.384495, 0.354244, 0.615
4, 20, 0.405482, 0.632002, 0.222727, 0.393495, 0.241293, 0.174, 0.726, 0.403029, 0.401412, 0.365
4, 21, 0.353388, 0.636857, 0.277041, 0.498245, 0.265959, 0.174, 0.726, 0.304592, 0.325592, 0.503
4, 22, 0.301304, 0.678278, 0.2188, 0.474104, 0.174, 0.219704, 0.726, 0.37727, 0.366626, 0.406
4, 23, 0.365043, 0.643039, 0.291731, 0.506342, 0.174, 0.274041, 0.726, 0.367039, 0.385506, 0.279
4, 24, 0.397065, 0.620454, 0.280355, 0.507843, 0.33844, 0.174, 0.726, 0.360984, 0.394099, 0.332
4, 25, 0.350521, 0.640778, 0.33661, 0.48904, 0.294132, 0.174, 0.726, 0.38042, 0.346257, 0.408
4, 26, 0.353918, 0.602236, 0.27028, 0.523959, 0.263959, 0.174, 0.726, 0.364471, 0.343195, 0.356
4, 27, 0.402645, 0.640724, 0.261248, 0.461752, 0.271641, 0.174, 0.726, 0.387349, 0.402965, 0.374
4, 28, 0.405437, 0.6547, 0.241793, 0.541712, 0.3097, 0.174, 0.726, 0.377952, 0.403827, 0.324
4, 29, 0.292501, 0.726, 0.197232, 0.553136, 0.234924, 0.174, 0.69922, 0.347199, 0.3948, 0.223
4, 30, 0.36824, 0.656214, 0.174, 0.405129, 0.181982, 0.194863, 0.726, 0.383782, 0.403798, 0.502
5, 16, 0.30991, 0.618071, 0.241047, 0.487248, 0.311122, 0.174, 0.726, 0.341889, 0.39652, 0.477
5, 17, 0.318776, 0.628178, 0.248843, 0.448186, 0.298714, 0.174, 0.726, 0.28975, 0.388924, 0.317
5, 18, 0.257932, 0.615386, 0.213565, 0.422823, 0.241847, 0.174, 0.726, 0.253815, 0.352537, 0.497
5, 19, 0.312231, 0.648288, 0.19921, 0.382234, 0.19628, 0.174, 0.726, 0.267516, 0.340448, 0.505
5, 20, 0.386649, 0.64449, 0.190316, 0.370333, 0.289028, 0.174, 0.726, 0.298244, 0.382143, 0.282
5, 21, 0.296222, 0.619541, 0.260569, 0.495317, 0.266323, 0.174, 0.726, 0.292344, 0.364088, 0.317
5, 22, 0.323641, 0.605894, 0.215266, 0.435113, 0.174834, 0.174, 0.726, 0.313578, 0.324951, 0.433
5, 23, 0.283742, 0.576235, 0.205373, 0.458941, 0.21086, 0.174, 0.726, 0.245332, 0.275027, 0.292
5, 24, 0.360761, 0.637427, 0.23885, 0.498322, 0.334091, 0.174, 0.726, 0.270433, 0.380903, 0.394
5, 25, 0.311927, 0.656382, 0.252629, 0.477106, 0.266073, 0.174, 0.726, 0.266218, 0.375659, 0.409
5, 26, 0.281526, 0.625726, 0.214017, 0.481875, 0.228587, 0.174, 0.726, 0.261418, 0.374482, 0.305
5, 27, 0.341638, 0.643937, 0.222123, 0.404906, 0.301776, 0.174, 0.726, 0.263086, 0.381706, 0.445
5, 28, 0.313616, 0.615711, 0.210832, 0.500002, 0.251765, 0.174, 0.726, 0.22633, 0.355591, 0.438
5, 29, 0.281491, 0.562406, 0.220733, 0.451178, 0.230792, 0.174, 0.726, 0.205155, 0.361047, 0.252
5, 30, 0.309551, 0.625616, 0.174, 0.364604, 0.215455, 0.216332, 0.726, 0.277966, 0.38164, 0.27
6, 16, 0.308365, 0.588485, 0.273047, 0.427101, 0.256388, 0.174, 0.726, 0.335989, 0.414076, 0.386
6, 17, 0.341203, 0.655177, 0.262299, 0.462877, 0.300273, 0.174, 0.726, 0.297119, 0.439488, 0.438
6, 18, 0.272382, 0.5969, 0.254333, 0.41769, 0.204718, 0.174, 0.726, 0.213282, 0.362978, 0.32
6, 19, 0.361778, 0.715345, 0.242915, 0.466435, 0.243368, 0.174, 0.726, 0.282511, 0.377193, 0.403
6, 20, 0.394864, 0.654421, 0.211402, 0.426205, 0.322447, 0.174, 0.726, 0.326703, 0.39667, 0.315
6, 21, 0.290244, 0.614457, 0.299137, 0.453748, 0.234345, 0.174, 0.726, 0.30568, 0.391243, 0.698
6, 22, 0.324131, 0.585401, 0.198146, 0.411471, 0.214724, 0.174, 0.726, 0.29236, 0.3399, 0.214
6, 23, 0.308893, 0.620504, 0.174, 0.442651, 0.216693, 0.188231, 0.726, 0.242215, 0.274151, 0.415
6, 24, 0.308215, 0.629675, 0.22952, 0.455865, 0.290371, 0.174, 0.726, 0.30793, 0.39871, 0.282
6, 25, 0.257072, 0.611067, 0.287314, 0.424173, 0.239928, 0.174, 0.726, 0.288197, 0.391651, 0.309
6, 26, 0.251418, 0.621131, 0.271229, 0.457032, 0.192459, 0.174, 0.726, 0.283737, 0.420385, 0.444
6, 27, 0.368766, 0.672471, 0.231776, 0.445406, 0.308415, 0.174, 0.726, 0.297626, 0.409905, 0.388
6, 28, 0.292807, 0.603284, 0.189561, 0.428134, 0.19841, 0.174, 0.726, 0.221272, 0.398856, 0.371
6, 29, 0.307692, 0.574652, 0.220378, 0.404862, 0.219894, 0.174, 0.726, 0.255086, 0.412601, 0.241
6, 30, 0.342621, 0.690828, 0.174, 0.425586, 0.221931, 0.219724, 0.726, 0.294138, 0.371103, 0.548
7, 16, 0.264787, 0.580559, 0.241911, 0.438952, 0.209678, 0.174, 0.726, 0.353364, 0.396711, 0.48
7, 17, 0.313494, 0.658524, 0.195749, 0.452669, 0.2359, 0.174, 0.726, 0.26681, 0.42136, 0.43
7, 18, 0.21128, 0.604217, 0.199682, 0.464539, 0.203659, 0.174, 0.726, 0.241105, 0.366699, 0.306
7, 19, 0.322476, 0.651292, 0.174, 0.42399, 0.223781, 0.188523, 0.726, 0.260629, 0.354484, 0.542
7, 20, 0.379688, 0.619361, 0.191883, 0.420668, 0.283344, 0.174, 0.726, 0.264273, 0.358506, 0.283
7, 21, 0.238355, 0.564304, 0.271071, 0.470734, 0.192647, 0.174, 0.726, 0.287429, 0.355756, 0.327
7, 22, 0.304993, 0.573389, 0.203893, 0.398634, 0.218869, 0.174, 0.726, 0.305343, 0.332963, 0.291
7, 23, 0.284493, 0.587634, 0.174, 0.449335, 0.180519, 0.192161, 0.726, 0.247174, 0.287686, 0.426
7, 24, 0.312823, 0.637473, 0.202673, 0.472954, 0.270831, 0.174, 0.726, 0.255711, 0.398686, 0.589
7, 25, 0.222759, 0.598688, 0.247811, 0.432496, 0.177951, 0.174, 0.726, 0.278078, 0.347147, 0.268
7, 26, 0.222457, 0.556154, 0.240443, 0.452751, 0.174, 0.180066, 0.726, 0.298352, 0.39851, 0.345
7, 27, 0.348609, 0.659721, 0.19992, 0.429116, 0.262607, 0.174, 0.726, 0.278174, 0.398406, 0.285
7, 28, 0.304194, 0.596837, 0.174, 0.429013, 0.186445, 0.18836, 0.726, 0.21811, 0.391162, 0.339
7, 29, 0.301524, 0.584321, 0.228626, 0.40797, 0.180735, 0.174, 0.726, 0.269035, 0.381281, 0.267
7, 30, 0.335057, 0.667576, 0.174, 0.423203, 0.230996, 0.242626, 0.726, 0.268811, 0.376069, 0.262
8, 16, 0.285574, 0.63014, 0.241462, 0.47275, 0.256544, 0.174, 0.726, 0.325647, 0.348555, 0.567
8, 17, 0.356415, 0.645491, 0.289913, 0.460762, 0.34183, 0.174, 0.726, 0.292869, 0.474448, 0.667
8, 18, 0.328995, 0.646275, 0.304557, 0.459012, 0.276812, 0.174, 0.726, 0.272694, 0.411285, 0.333
8, 19, 0.347682, 0.667298, 0.17869, 0.394268, 0.20042, 0.174, 0.726, 0.265375, 0.406384, 0.553
8, 20, 0.391541, 0.633327, 0.184003, 0.342853, 0.281379, 0.174, 0.726, 0.299861, 0.435195, 0.271
8, 21, 0.288164, 0.620186, 0.282929, 0.4882, 0.239993, 0.174, 0.726, 0.297698, 0.336272, 0.329
8, 22, 0.32953, 0.582705, 0.22467, 0.416095, 0.174, 0.183984, 0.726, 0.340668, 0.354114, 0.217
8, 23, 0.294949, 0.579547, 0.213544, 0.445717, 0.174, 0.189264, 0.726, 0.260494, 0.295593, 0.323
8, 24, 0.35085, 0.633944, 0.269956, 0.465769, 0.339217, 0.174, 0.726, 0.28206, 0.425893, 0.614
8, 25, 0.322355, 0.663662, 0.31559, 0.474162, 0.267059, 0.174, 0.726, 0.302956, 0.375167, 0.33
8, 26, 0.272697, 0.621796, 0.289943, 0.488063, 0.215451, 0.174, 0.726, 0.313543, 0.348641, 0.408
8, 27, 0.376353, 0.663908, 0.226514, 0.418619, 0.301467, 0.174, 0.726, 0.27521, 0.4288, 0.264
8, 28, 0.287115, 0.598823, 0.194988, 0.454883, 0.208357, 0.174, 0.726, 0.235095, 0.374047, 0.238
8, 29, 0.309564, 0.600639, 0.246454, 0.458713, 0.225589, 0.174, 0.726, 0.265599, 0.37468, 0.283
8, 30, 0.373913, 0.664493, 0.174, 0.383611, 0.204923, 0.198142, 0.726, 0.286638, 0.458341, 0.321
9, 16, 0.207494, 0.663972, 0.210944, 0.553069, 0.275056, 0.174, 0.726, 0.290653, 0.379706, 0.405
9, 17, 0.336115, 0.618928, 0.317486, 0.480325, 0.337442, 0.174, 0.726, 0.302595, 0.412079, 0.447
9, 18, 0.29073, 0.596869, 0.285424, 0.440159, 0.282154, 0.174, 0.726, 0.278452, 0.363717, 0.286
9, 19, 0.326312, 0.637804, 0.249195, 0.398552, 0.219354, 0.174, 0.726, 0.308214, 0.358369, 0.356
9, 20, 0.40195, 0.636209, 0.233776, 0.380347, 0.28087, 0.174, 0.726, 0.346253, 0.414759, 0.283
9, 21, 0.244821, 0.627295, 0.252173, 0.582694, 0.303295, 0.174, 0.726, 0.265699, 0.385769, 0.286
9, 22, 0.285249, 0.671628, 0.174, 0.500995, 0.195094, 0.203588, 0.726, 0.327925, 0.387379, 0.214
9, 23, 0.290733, 0.618976, 0.24988, 0.537121, 0.174, 0.229193, 0.726, 0.278858, 0.294019, 0.421
9, 24, 0.367133, 0.611672, 0.27972, 0.507346, 0.38538, 0.174, 0.726, 0.299179, 0.420418, 0.448
9, 25, 0.325425, 0.649397, 0.347311, 0.505862, 0.343939, 0.174, 0.726, 0.3106, 0.400437, 0.435
9, 26, 0.274535, 0.628624, 0.237573, 0.54704, 0.302088, 0.174, 0.726, 0.27776, 0.400203, 0.426
9, 27, 0.376202, 0.633449, 0.253196, 0.455773, 0.326151, 0.174, 0.726, 0.318537, 0.402601, 0.289
9, 28, 0.357954, 0.665898, 0.207459, 0.538191, 0.348247, 0.174, 0.726, 0.265702, 0.416817, 0.198
9, 29, 0.266922, 0.641997, 0.220253, 0.570093, 0.224955, 0.174, 0.726, 0.252195, 0.40589, 0.556
9, 30, 0.323528, 0.654671, 0.174, 0.436506, 0.197941, 0.210479, 0.726, 0.31857, 0.406332, 0.22
10, 16, 0.266266, 0.59787, 0.243215, 0.440007, 0.251491, 0.174, 0.726, 0.319847, 0.359328, 0.43
10, 17, 0.334074, 0.670814, 0.240721, 0.524269, 0.327666, 0.174, 0.726, 0.297901, 0.402718, 0.448
10, 18, 0.252592, 0.620566, 0.200997, 0.45673, 0.227761, 0.174, 0.726, 0.194808, 0.406063, 0.574
10, 19, 0.3487, 0.674465, 0.216717, 0.459722, 0.224957, 0.174, 0.726, 0.285961, 0.369011, 0.544
10, 20, 0.428905, 0.686431, 0.229292, 0.421109, 0.34374, 0.174, 0.726, 0.333127, 0.41351, 0.65
10, 21, 0.244467, 0.620851, 0.277399, 0.494115, 0.244985, 0.174, 0.726, 0.287641, 0.343522, 0.471
10, 22, 0.307227, 0.588336, 0.222107, 0.439345, 0.220705, 0.174, 0.726, 0.305593, 0.317094, 0.226
10, 23, 0.263765, 0.584752, 0.190327, 0.475533, 0.174, 0.17532, 0.726, 0.257512, 0.241185, 0.373
10, 24, 0.330994, 0.650169, 0.213742, 0.504718, 0.33808, 0.174, 0.726, 0.291983, 0.380014, 0.285
10, 25, 0.273172, 0.648079, 0.254257, 0.454032, 0.258778, 0.174, 0.726, 0.30437, 0.368801, 0.705
10, 26, 0.215352, 0.638983, 0.261299, 0.477957, 0.192874, 0.174, 0.726, 0.283919, 0.374894, 0.448
10, 27, 0.339749, 0.660905, 0.225354, 0.470081, 0.346903, 0.174, 0.726, 0.299941, 0.421277, 0.489
10, 28, 0.302655, 0.606436, 0.183673, 0.445636, 0.226, 0.174, 0.726, 0.2196, 0.373055, 0.376
10, 29, 0.300769, 0.586607, 0.262958, 0.469084, 0.251164, 0.174, 0.726, 0.271255, 0.391505, 0.382
10, 30, 0.327527, 0.670381, 0.174, 0.46626, 0.221244, 0.216918, 0.726, 0.315036, 0.380354, 0.568
11, 16, 0.312498, 0.626258, 0.272349, 0.43467, 0.206252, 0.174, 0.726, 0.310241, 0.348864, 0.527
11, 17, 0.346884, 0.684461, 0.290792, 0.512382, 0.319606, 0.174, 0.726, 0.329405, 0.417237, 0.402
11, 18, 0.301824, 0.641736, 0.315678, 0.452499, 0.174, 0.175285, 0.726, 0.283115, 0.371949, 0.544
11, 19, 0.282183, 0.671908, 0.174, 0.407382, 0.21209, 0.18243, 0.726, 0.293891, 0.371165, 0.652
11, 20, 0.400237, 0.672637, 0.188737, 0.431999, 0.292435, 0.174, 0.726, 0.357439, 0.407841, 0.353
11, 21, 0.275905, 0.687916, 0.293386, 0.561464, 0.196687, 0.174, 0.726, 0.305287, 0.384059, 0.511
11, 22, 0.307773, 0.612826, 0.174, 0.481255, 0.275625, 0.210911, 0.726, 0.296164, 0.37332, 0.386
11, 23, 0.287383, 0.612944, 0.174, 0.531488, 0.274233, 0.260035, 0.726, 0.276196, 0.34208, 0.3
11, 24, 0.357087, 0.679601, 0.235156, 0.532264, 0.27973, 0.174, 0.726, 0.311068, 0.375571, 0.344
11, 25, 0.266291, 0.671568, 0.303086, 0.489342, 0.230865, 0.174, 0.726, 0.331595, 0.407921, 0.308
11, 26, 0.240972, 0.683138, 0.263892, 0.527018, 0.174, 0.188362, 0.726, 0.297527, 0.404384, 0.286
11, 27, 0.33193, 0.655617, 0.271458, 0.461132, 0.249984, 0.174, 0.726, 0.316058, 0.404898, 0.33
11, 28, 0.320091, 0.652625, 0.187588, 0.522181, 0.215505, 0.174, 0.726, 0.239387, 0.401948, 0.47
11, 29, 0.270264, 0.596967, 0.232747, 0.495495, 0.198593, 0.174, 0.726, 0.265516, 0.382022, 0.226
11, 30, 0.287913, 0.653556, 0.174, 0.384626, 0.204756, 0.182381, 0.726, 0.31364, 0.368956, 0.489
12, 16, 0.325445, 0.596351, 0.182588, 0.427849, 0.269297, 0.174, 0.726, 0.312592, 0.376795, 0.365
12, 17, 0.309013, 0.676917, 0.214734, 0.441796, 0.319089, 0.174, 0.726, 0.266192, 0.416966, 0.379
12, 18, 0.302678, 0.626644, 0.201165, 0.462466, 0.277449, 0.174, 0.726, 0.244702, 0.382535, 0.406
12, 19, 0.299174, 0.614263, 0.195916, 0.446623, 0.196994, 0.174, 0.726, 0.307222, 0.323677, 0.426
12, 20, 0.363386, 0.637053, 0.181662, 0.444811, 0.259046, 0.174, 0.726, 0.319784, 0.372511, 0.285
12, 21, 0.322054, 0.612316, 0.232348, 0.47253, 0.264533, 0.174, 0.726, 0.26164, 0.368768, 0.698
12, 22, 0.356103, 0.561554, 0.174, 0.414978, 0.211282, 0.218728, 0.726, 0.295952, 0.336478, 0.232
12, 23, 0.314106, 0.570684, 0.174, 0.435668, 0.216117, 0.201149, 0.726, 0.230236, 0.291684, 0.294
12, 24, 0.350044, 0.67525, 0.215639, 0.45576, 0.349441, 0.174, 0.726, 0.274898, 0.45305, 0.258
12, 25, 0.336904, 0.619397, 0.225422, 0.405467, 0.30605, 0.174, 0.726, 0.29748, 0.3847, 0.279
12, 26, 0.30065, 0.60363, 0.20774, 0.435549, 0.230006, 0.174, 0.726, 0.255187, 0.385745, 0.385
12, 27, 0.314412, 0.675273, 0.210108, 0.510814, 0.295262, 0.174, 0.726, 0.268436, 0.402343, 0.339
12, 28, 0.319948, 0.604575, 0.174, 0.424518, 0.256096, 0.204274, 0.726, 0.249023, 0.423858, 0.447
12, 29, 0.327253, 0.574476, 0.203279, 0.43801, 0.238413, 0.174, 0.726, 0.237967, 0.365789, 0.197
12, 30, 0.332243, 0.64764, 0.174, 0.463785, 0.229069, 0.186987, 0.726, 0.254464, 0.354082, 0.524
13, 16, 0.32627, 0.597995, 0.277139, 0.450783, 0.28027, 0.174, 0.726, 0.338071, 0.398942, 0.726
13, 17, 0.328881, 0.634866, 0.304124, 0.45516, 0.311814, 0.174, 0.726, 0.287328, 0.436205, 0.589
13, 18, 0.286687, 0.638421, 0.23266, 0.461993, 0.213306, 0.174, 0.726, 0.244691, 0.383083, 0.426
13, 19, 0.332024, 0.658169, 0.228071, 0.437997, 0.233455, 0.174, 0.726, 0.30555, 0.416383, 0.455
13, 20, 0.399193, 0.648919, 0.223787, 0.389723, 0.285216, 0.174, 0.726, 0.349538, 0.454702, 0.4
13, 21, 0.296688, 0.634158, 0.327028, 0.523101, 0.263756, 0.174, 0.726, 0.307054, 0.400792, 0.468
13, 22, 0.314565, 0.593545, 0.230889, 0.462072, 0.20865, 0.174, 0.726, 0.336866, 0.368936, 0.264
13, 23, 0.292613, 0.593416, 0.226427, 0.484892, 0.174, 0.184655, 0.726, 0.277302, 0.339819, 0.4
13, 24, 0.338936, 0.599584, 0.287968, 0.480014, 0.331122, 0.174, 0.726, 0.346543, 0.460166, 0.424
13, 25, 0.316129, 0.672023, 0.302331, 0.47563, 0.304833, 0.174, 0.726, 0.337863, 0.416076, 0.45
13, 26, 0.261949, 0.634569, 0.30046, 0.50927, 0.226783, 0.174, 0.726, 0.30483, 0.397832, 0.532
13, 27, 0.378508, 0.66434, 0.246585, 0.464886, 0.335694, 0.174, 0.726, 0.32593, 0.445562, 0.321
13, 28, 0.296539, 0.610943, 0.252944, 0.477409, 0.208968, 0.174, 0.726, 0.283942, 0.446793, 0.256
13, 29, 0.335028, 0.590494, 0.267642, 0.459762, 0.23753, 0.174, 0.726, 0.286493, 0.430506, 0.32
13, 30, 0.316632, 0.671019, 0.174, 0.436576, 0.176118, 0.204856, 0.726, 0.302641, 0.418955, 0.462
14, 16, 0.294196, 0.653009, 0.174, 0.535951, 0.235394, 0.183891, 0.726, 0.302245, 0.359683, 0.509
14, 17, 0.35023, 0.648131, 0.316803, 0.463768, 0.336846, 0.174, 0.726, 0.302266, 0.435592, 0.579
14, 18, 0.313875, 0.653573, 0.261294, 0.412491, 0.276366, 0.174, 0.726, 0.266477, 0.386575, 0.539
14, 19, 0.342248, 0.669967, 0.201829, 0.388679, 0.174, 0.209405, 0.726, 0.306693, 0.372852, 0.585
14, 20, 0.406453, 0.657392, 0.205901, 0.369145, 0.273842, 0.174, 0.726, 0.319959, 0.439689, 0.432
14, 21, 0.295261, 0.623331, 0.229072, 0.510567, 0.238783, 0.174, 0.726, 0.247919, 0.318517, 0.692
14, 22, 0.342962, 0.621727, 0.178598, 0.46277, 0.174, 0.213211, 0.726, 0.333144, 0.358621, 0.302
14, 23, 0.312611, 0.596642, 0.176313, 0.481166, 0.174, 0.201762, 0.726, 0.218617, 0.306795, 0.308
14, 24, 0.359198, 0.653027, 0.252847, 0.472113, 0.354153, 0.174, 0.726, 0.244555, 0.428301, 0.361
14, 25, 0.328344, 0.604754, 0.25695, 0.449521, 0.261874, 0.174, 0.726, 0.285262, 0.333473, 0.482
14, 26, 0.262356, 0.590147, 0.214144, 0.501205, 0.174, 0.174, 0.726, 0.242902, 0.340628, 0.541
14, 27, 0.382861, 0.67672, 0.235023, 0.417531, 0.27214, 0.174, 0.726, 0.291362, 0.4327, 0.391
14, 28, 0.335247, 0.655066, 0.174, 0.500182, 0.286584, 0.20784, 0.726, 0.188534, 0.423246, 0.364
14, 29, 0.330428, 0.648824, 0.216742, 0.540993, 0.251427, 0.174, 0.726, 0.254827, 0.409933, 0.274
14, 30, 0.359188, 0.699534, 0.174, 0.397868, 0.204392, 0.20272, 0.726, 0.315781, 0.446001, 0.542
15, 16, 0.298797, 0.623197, 0.23888, 0.503117, 0.293896, 0.174, 0.726, 0.319444, 0.362513, 0.33
15, 17, 0.366336, 0.645258, 0.348931, 0.443685, 0.346669, 0.174, 0.726, 0.331023, 0.449466, 0.308
15, 18, 0.331448, 0.622167, 0.271506, 0.375805, 0.274303, 0.174, 0.726, 0.255321, 0.346167, 0.683
15, 19, 0.334449, 0.658038, 0.256915, 0.361033, 0.181912, 0.174, 0.726, 0.304781, 0.352409, 0.418
15, 20, 0.401396, 0.631784, 0.21775, 0.33065, 0.293483, 0.174, 0.726, 0.358909, 0.425997, 0.321
15, 21, 0.269399, 0.623332, 0.266568, 0.504518, 0.282329, 0.174, 0.726, 0.250036, 0.339195, 0.308
15, 22, 0.293861, 0.602759, 0.174, 0.421182, 0.198355, 0.18911, 0.726, 0.320129, 0.354175, 0.373
15, 23, 0.312318, 0.587047, 0.187126, 0.444919, 0.174, 0.198206, 0.726, 0.253744, 0.314435, 0.314
15, 24, 0.361661, 0.629836, 0.287187, 0.441969, 0.351159, 0.174, 0.726, 0.288971, 0.395843, 0.233
15, 25, 0.368982, 0.648587, 0.324515, 0.474423, 0.315015, 0.174, 0.726, 0.308143, 0.365209, 0.553
15, 26, 0.221749, 0.59462, 0.23451, 0.500837, 0.220789, 0.174, 0.726, 0.243497, 0.363763, 0.4
15, 27, 0.380192, 0.66252, 0.281775, 0.406109, 0.310452, 0.174, 0.726, 0.327483, 0.426843, 0.714
15, 28, 0.297955, 0.629034, 0.199852, 0.482941, 0.262323, 0.174, 0.726, 0.20478, 0.38643, 0.645
15, 29, 0.329426, 0.639582, 0.235094, 0.513405, 0.267762, 0.174, 0.726, 0.246743, 0.407867, 0.245
15, 30, 0.367045, 0.678511, 0.174, 0.367196, 0.208674, 0.185684, 0.726, 0.337648, 0.418529, 0.288
16, 17, 0.334979, 0.619655, 0.305085, 0.491719, 0.31734, 0.174, 0.726, 0.370599, 0.435025, 0.611
16, 18, 0.277939, 0.575893, 0.238434, 0.437208, 0.26015, 0.174, 0.726, 0.301261, 0.380985, 0.541
16, 19, 0.343065, 0.607474, 0.258065, 0.411177, 0.238311, 0.174, 0.726, 0.364128, 0.404135, 0.53
16, 20, 0.4032, 0.622247, 0.23148, 0.392103, 0.292123, 0.174, 0.726, 0.391327, 0.454688, 0.356
16, 21, 0.272581, 0.628196, 0.255039, 0.549357, 0.291416, 0.174, 0.726, 0.30954, 0.386761, 0.494
16, 22, 0.304536, 0.613961, 0.215402, 0.44699, 0.214284, 0.174, 0.726, 0.341655, 0.436189, 0.226
16, 23, 0.288132, 0.606506, 0.208539, 0.461107, 0.180406, 0.174, 0.726, 0.275389, 0.351501, 0.356
16, 24, 0.377183, 0.620759, 0.254543, 0.513023, 0.358507, 0.174, 0.726, 0.341291, 0.442578, 0.421
16, 25, 0.320042, 0.627603, 0.314864, 0.488993, 0.330826, 0.174, 0.726, 0.362143, 0.386453, 0.511
16, 26, 0.284153, 0.594726, 0.276485, 0.535393, 0.24815, 0.174, 0.726, 0.357134, 0.377734, 0.448
16, 27, 0.371999, 0.61605, 0.246455, 0.445468, 0.304611, 0.174, 0.726, 0.35404, 0.434152, 0.303
16, 28, 0.348421, 0.646223, 0.228954, 0.565252, 0.315169, 0.174, 0.726, 0.301364, 0.453949, 0.283
16, 29, 0.300348, 0.662432, 0.239475, 0.546799, 0.257553, 0.174, 0.726, 0.299691, 0.445431, 0.355
16, 30, 0.351145, 0.627296, 0.174, 0.436805, 0.227689, 0.215192, 0.726, 0.367585, 0.437412, 0.444
17, 18, 0.296092, 0.643731, 0.302499, 0.504312, 0.298276, 0.174, 0.726, 0.286992, 0.464415, 0.412
17, 19, 0.332439, 0.679689, 0.205164, 0.471133, 0.197076, 0.174, 0.726, 0.288032, 0.392627, 0.555
17, 20, 0.403144, 0.683772, 0.21724, 0.410086, 0.286078, 0.174, 0.726, 0.345804, 0.432935, 0.361
17, 21, 0.31028, 0.612278, 0.331148, 0.500012, 0.292036, 0.174, 0.726, 0.303752, 0.41048, 0.462
17, 22, 0.319393, 0.573982, 0.199899, 0.419795, 0.17653, 0.174, 0.726, 0.29753, 0.310479, 0.206
17, 23, 0.291595, 0.57671, 0.175823, 0.469704, 0.215232, 0.174, 0.726, 0.246085, 0.281287, 0.383
17, 24, 0.336385, 0.671894, 0.255877, 0.502601, 0.350134, 0.174, 0.726, 0.33748, 0.470042, 0.452
17, 25, 0.31009, 0.624726, 0.283564, 0.46557, 0.310811, 0.174, 0.726, 0.290123, 0.411725, 0.429
17, 26, 0.293111, 0.612882, 0.305158, 0.486172, 0.266669, 0.174, 0.726, 0.286686, 0.417782, 0.553
17, 27, 0.320109, 0.691269, 0.219247, 0.465255, 0.308038, 0.174, 0.726, 0.281008, 0.444742, 0.305
17, 28, 0.27783, 0.633096, 0.174, 0.459532, 0.222175, 0.1784, 0.726, 0.219389, 0.420669, 0.285
17, 29, 0.327105, 0.579036, 0.289509, 0.474127, 0.257996, 0.174, 0.726, 0.259966, 0.389552, 0.395
17, 30, 0.366166, 0.713229, 0.174, 0.430768, 0.204994, 0.202903, 0.726, 0.235914, 0.454444, 0.371
18, 19, 0.316091, 0.662035, 0.264243, 0.476908, 0.174, 0.184779, 0.726, 0.298861, 0.381236, 0.558
18, 20, 0.352382, 0.650124, 0.249074, 0.440953, 0.304011, 0.174, 0.726, 0.322032, 0.431323, 0.42
18, 21, 0.283169, 0.619411, 0.316764, 0.484386, 0.260069, 0.174, 0.726, 0.285866, 0.38325, 0.327
18, 22, 0.312795, 0.557995, 0.215087, 0.433115, 0.179158, 0.174, 0.726, 0.29774, 0.341945, 0.418
18, 23, 0.283134, 0.571313, 0.235771, 0.463989, 0.174, 0.216969, 0.726, 0.261875, 0.310401, 0.302
18, 24, 0.281123, 0.630472, 0.266835, 0.46455, 0.31748, 0.174, 0.726, 0.267135, 0.43343, 0.292
18, 25, 0.276783, 0.631032, 0.271432, 0.467353, 0.288117, 0.174, 0.726, 0.304942, 0.387521, 0.518
18, 26, 0.256089, 0.626977, 0.267665, 0.465445, 0.221957, 0.174, 0.726, 0.27805, 0.385936, 0.388
18, 27, 0.350186, 0.680012, 0.238203, 0.492777, 0.304199, 0.174, 0.726, 0.279114, 0.435069, 0.55
18, 28, 0.264202, 0.616041, 0.174, 0.436474, 0.216403, 0.174304, 0.726, 0.22575, 0.403949, 0.497
18, 29, 0.321643, 0.58732, 0.242299, 0.456101, 0.240448, 0.174, 0.726, 0.252304, 0.384217, 0.242
18, 30, 0.338052, 0.65912, 0.174, 0.433076, 0.241398, 0.203626, 0.726, 0.290799, 0.416042, 0.392
19, 20, 0.355579, 0.654047, 0.218869, 0.462218, 0.241473, 0.174, 0.726, 0.331074, 0.362435, 0.439
19, 21, 0.321249, 0.647548, 0.243, 0.443046, 0.190946, 0.174, 0.726, 0.305924, 0.369252, 0.465
19, 22, 0.335593, 0.59226, 0.180111, 0.413333, 0.244337, 0.174, 0.726, 0.281767, 0.33806, 0.323
19, 23, 0.283204, 0.59206, 0.174, 0.420858, 0.231277, 0.238452, 0.726, 0.25765, 0.303849, 0.332
19, 24, 0.328113, 0.676464, 0.212129, 0.465076, 0.211332, 0.174, 0.726, 0.30506, 0.378926, 0.515
19, 25, 0.296754, 0.676126, 0.19677, 0.40706, 0.230335, 0.174, 0.726, 0.289978, 0.400284, 0.47
19, 26, 0.297356, 0.648679, 0.226512, 0.43036, 0.189368, 0.174, 0.726, 0.293772, 0.415681, 0.364
19, 27, 0.322505, 0.636242, 0.238252, 0.453659, 0.241179, 0.174, 0.726, 0.300554, 0.366061, 0.389
19, 28, 0.32534, 0.604975, 0.182429, 0.414118, 0.174, 0.195034, 0.726, 0.263783, 0.399424, 0.518
19, 29, 0.317319, 0.575959, 0.230859, 0.404519, 0.180105, 0.174, 0.726, 0.24936, 0.38497, 0.259
19, 30, 0.332611, 0.641162, 0.174, 0.431233, 0.262398, 0.220981, 0.726, 0.290612, 0.370662, 0.388
20, 21, 0.381424, 0.629568, 0.230884, 0.413013, 0.23835, 0.174, 0.726, 0.347491, 0.422946, 0.377
20, 22, 0.373901, 0.583695, 0.228387, 0.374649, 0.271544, 0.174, 0.726, 0.298016, 0.354809, 0.198
20, 23, 0.341058, 0.604057, 0.174, 0.407584, 0.216261, 0.18908, 0.726, 0.262742, 0.284959, 0.371
20, 24, 0.416439, 0.67845, 0.206891, 0.43095, 0.286885, 0.174, 0.726, 0.324836, 0.41763, 0.285
20, 25, 0.3798, 0.627057, 0.226008, 0.36553, 0.274567, 0.174, 0.726, 0.291948, 0.420851, 0.542
20, 26, 0.34183, 0.62812, 0.217427, 0.388075, 0.224839, 0.174, 0.726, 0.306549, 0.448836, 0.414
20, 27, 0.368648, 0.658658, 0.228889, 0.443029, 0.27525, 0.174, 0.726, 0.319716, 0.382252, 0.392
20, 28, 0.399076, 0.605517, 0.174, 0.414583, 0.255811, 0.223648, 0.726, 0.309352, 0.441385, 0.347
20, 29, 0.377051, 0.591554, 0.175354, 0.386585, 0.226808, 0.174, 0.726, 0.273692, 0.433131, 0.267
20, 30, 0.378205, 0.659193, 0.176064, 0.4382, 0.274589, 0.174, 0.726, 0.299082, 0.376554, 0.586
21, 22, 0.31112, 0.622234, 0.206736, 0.460037, 0.174, 0.233789, 0.726, 0.306117, 0.370044, 0.226
21, 23, 0.326631, 0.624616, 0.269279, 0.521382, 0.174, 0.242021, 0.726, 0.269155, 0.362522, 0.303
21, 24, 0.338676, 0.598472, 0.281063, 0.49783, 0.31395, 0.174, 0.726, 0.2642, 0.386866, 0.285
21, 25, 0.321644, 0.610153, 0.312045, 0.501504, 0.290927, 0.174, 0.726, 0.277909, 0.35722, 0.439
21, 26, 0.279234, 0.581096, 0.248046, 0.548569, 0.259973, 0.174, 0.726, 0.288673, 0.357745, 0.467
21, 27, 0.360366, 0.623659, 0.271476, 0.477131, 0.276455, 0.174, 0.726, 0.300953, 0.406671, 0.295
21, 28, 0.302312, 0.613175, 0.242077, 0.557421, 0.292493, 0.174, 0.726, 0.241023, 0.381198, 0.323
21, 29, 0.333862, 0.630938, 0.234019, 0.49341, 0.2444, 0.174, 0.726, 0.250943, 0.382746, 0.305
21, 30, 0.327683, 0.642937, 0.174, 0.462443, 0.191382, 0.222427, 0.726, 0.312609, 0.414402, 0.683
22, 23, 0.254766, 0.586014, 0.190671, 0.448857, 0.174, 0.190069, 0.726, 0.240984, 0.365744, 0.218
22, 24, 0.358403, 0.555791, 0.174, 0.403522, 0.202026, 0.18602, 0.726, 0.276379, 0.312438, 0.282
22, 25, 0.318856, 0.587385, 0.225426, 0.427047, 0.198423, 0.174, 0.726, 0.312375, 0.352459, 0.241
22, 26, 0.314419, 0.611704, 0.185196, 0.465592, 0.174, 0.209231, 0.726, 0.31404, 0.374256, 0.274
22, 27, 0.353639, 0.558813, 0.195752, 0.396776, 0.208099, 0.174, 0.726, 0.284284, 0.329365, 0.318
22, 28, 0.37174, 0.626227, 0.235079, 0.510508, 0.234477, 0.174, 0.726, 0.343638, 0.399662, 0.256
22, 29, 0.291429, 0.641019, 0.227474, 0.472501, 0.174, 0.254588, 0.726, 0.341703, 0.445324, 0.208
22, 30, 0.345021, 0.58558, 0.174, 0.419883, 0.253648, 0.249131, 0.726, 0.294468, 0.389282, 0.205
23, 24, 0.339333, 0.58216, 0.174, 0.494387, 0.229534, 0.193156, 0.726, 0.232204, 0.267179, 0.376
23, 25, 0.262791, 0.566381, 0.234283, 0.482352, 0.194752, 0.174, 0.726, 0.257212, 0.31103, 0.424
23, 26, 0.266974, 0.586666, 0.238142, 0.520746, 0.174, 0.235601, 0.726, 0.249763, 0.349596, 0.583
23, 27, 0.287908, 0.536817, 0.179967, 0.42526, 0.183703, 0.174, 0.726, 0.215405, 0.279952, 0.447
23, 28, 0.326589, 0.584215, 0.218349, 0.513923, 0.217416, 0.174, 0.726, 0.213681, 0.32899, 0.285
23, 29, 0.295664, 0.558417, 0.237045, 0.448362, 0.174, 0.222275, 0.726, 0.241757, 0.401984, 0.465
23, 30, 0.301106, 0.585386, 0.174, 0.453645, 0.231195, 0.270587, 0.726, 0.292177, 0.326426, 0.314
24, 25, 0.334311, 0.622064, 0.284906, 0.498585, 0.332124, 0.174, 0.726, 0.260101, 0.393488, 0.273
24, 26, 0.313058, 0.622268, 0.234265, 0.504174, 0.312545, 0.174, 0.726, 0.230675, 0.415957, 0.43
24, 27, 0.357829, 0.665968, 0.227443, 0.472182, 0.313757, 0.174, 0.726, 0.314928, 0.451611, 0.214
24, 28, 0.341035, 0.64361, 0.174, 0.493859, 0.309609, 0.192241, 0.726, 0.225306, 0.429368, 0.256
24, 29, 0.347555, 0.563969, 0.227736, 0.47531, 0.302931, 0.174, 0.726, 0.248137, 0.395411, 0.297
24, 30, 0.342589, 0.673362, 0.174, 0.447571, 0.222515, 0.199178, 0.726, 0.280454, 0.421509, 0.253
25, 26, 0.268463, 0.633369, 0.297895, 0.498056, 0.28208, 0.174, 0.726, 0.277805, 0.37984, 0.568
25, 27, 0.385874, 0.642713, 0.250307, 0.444128, 0.335607, 0.174, 0.726, 0.317151, 0.433994, 0.52
25, 28, 0.337307, 0.607155, 0.223635, 0.476565, 0.269216, 0.174, 0.726, 0.210702, 0.39617, 0.359
25, 29, 0.315345, 0.597554, 0.252358, 0.484779, 0.247295, 0.174, 0.726, 0.261821, 0.396295, 0.394
25, 30, 0.30039, 0.6407, 0.174, 0.367709, 0.184997, 0.178012, 0.726, 0.292885, 0.401814, 0.553
26, 27, 0.340767, 0.63156, 0.246698, 0.44929, 0.246575, 0.174, 0.726, 0.27264, 0.419519, 0.439
26, 28, 0.301647, 0.650427, 0.197644, 0.585806, 0.31064, 0.174, 0.726, 0.239564, 0.456926, 0.248
26, 29, 0.293669, 0.61388, 0.227338, 0.545939, 0.242002, 0.174, 0.726, 0.262483, 0.410987, 0.392
26, 30, 0.315786, 0.630219, 0.211315, 0.426901, 0.174, 0.230548, 0.726, 0.317447, 0.453482, 0.514
27, 28, 0.32629, 0.622088, 0.174, 0.422836, 0.226275, 0.208071, 0.726, 0.267074, 0.437781, 0.573
27, 29, 0.335565, 0.573039, 0.224969, 0.422365, 0.244463, 0.174, 0.726, 0.245335, 0.390346, 0.239
27, 30, 0.360324, 0.63058, 0.174, 0.467563, 0.27108, 0.215236, 0.726, 0.278185, 0.382967, 0.308
28, 29, 0.316746, 0.587513, 0.233265, 0.506161, 0.247685, 0.174, 0.726, 0.235333, 0.391283, 0.174
28, 30, 0.384041, 0.642077, 0.174, 0.459032, 0.19773, 0.276988, 0.726, 0.267989, 0.4521, 0.289
29, 30, 0.336785, 0.574838, 0.174, 0.419574, 0.213144, 0.216277, 0.726, 0.282201, 0.419004, 0.271