1 1 1 2.30 4.75 4.55 2.25 5.80 4.32 1.00 0.80 0.05 0.05 0.00 0.05 3.25 5.25 5.05
2 1 2 6.55 5.35 5.30 2.70 4.10 4.63 1.00 0.90 0.00 0.05 0.00 0.21 5.20 3.70 5.00
3 1 3 5.05 4.45 3.85 2.70 4.75 3.68 0.95 0.70 0.10 0.00 0.05 0.21 3.60 3.60 4.95
4 1 4 5.55 6.15 5.85 2.45 4.35 4.47 1.00 0.95 0.05 0.00 0.00 0.11 5.80 5.80 4.95
5 1 5 5.30 7.00 6.00 2.30 4.35 5.21 1.00 0.95 0.00 0.05 0.00 0.05 5.70 5.45 5.00
6 1 6 5.85 5.95 5.35 2.80 5.30 4.47 1.00 0.90 0.00 0.16 0.05 0.05 3.65 3.75 5.00
7 1 7 5.25 6.60 4.95 3.00 5.45 6.16 1.00 0.95 0.00 0.05 0.00 0.21 4.95 4.10 5.00
8 1 8 5.40 4.40 4.80 2.65 5.80 2.74 1.00 0.25 0.05 0.11 0.00 0.05 2.80 4.90 5.00
9 1 9 5.30 4.80 3.85 2.25 5.55 3.16 1.00 0.80 0.00 0.26 0.00 0.00 2.80 4.60 5.00
10 1 10 4.75 6.00 5.75 2.35 3.80 2.95 1.00 0.75 0.05 0.37 0.11 0.00 4.05 3.95 5.00
11 1 11 6.75 5.70 5.05 2.45 3.55 3.42 1.00 0.85 0.05 0.11 0.00 0.21 4.85 3.25 4.95
12 1 12 6.45 6.55 6.35 2.45 4.75 4.84 1.00 0.95 0.00 0.21 0.00 0.11 4.25 3.75 5.00
13 2 1 3.95 2.75 4.10 2.35 5.50 2.11 0.90 0.20 0.15 0.00 0.11 0.05 1.85 5.00 5.05
14 2 2 4.80 3.65 3.85 2.25 5.45 2.11 0.85 0.20 0.20 0.00 0.11 0.11 2.25 4.95 5.00
15 2 3 5.00 4.75 5.25 3.00 4.55 3.53 1.00 0.65 0.05 0.16 0.26 0.05 3.85 4.20 4.90
16 2 4 1.75 2.45 3.65 1.75 5.20 1.47 0.85 0.20 0.10 0.00 0.16 0.11 2.15 5.15 4.95
17 2 5 2.75 2.85 3.65 1.95 5.15 1.63 0.80 0.15 0.05 0.00 0.32 0.00 2.40 5.05 5.00
18 2 6 2.25 2.30 3.75 1.70 5.55 1.89 0.80 0.10 0.00 0.00 0.05 0.05 2.10 4.85 5.00
19 2 7 5.05 5.00 5.55 1.80 4.00 2.47 0.95 0.40 0.05 0.95 0.00 0.00 3.60 5.35 5.05
20 2 8 1.85 3.15 4.05 1.75 5.85 1.74 1.00 0.15 0.05 0.00 0.53 0.00 1.85 4.90 4.90
21 2 9 4.45 2.55 4.50 1.90 5.50 2.05 0.90 0.15 0.05 0.00 0.05 0.11 2.10 4.90 4.95
22 2 10 2.55 2.45 3.90 2.35 5.20 2.53 0.85 0.25 0.00 0.00 0.16 0.05 1.80 4.90 5.00
23 2 11 4.35 5.05 5.90 2.20 4.70 1.95 0.95 0.40 0.10 0.84 0.05 0.00 3.20 4.40 5.10
24 2 12 4.85 5.30 6.25 2.00 4.15 2.32 0.95 0.45 0.05 1.00 0.00 0.00 3.70 5.45 5.00
25 3 1 4.60 4.90 4.80 3.10 6.15 3.89 1.00 0.45 0.05 0.11 0.00 0.05 2.70 5.00 4.95
26 3 2 4.15 6.35 5.30 4.00 5.60 5.58 1.00 0.50 0.00 0.05 0.05 0.11 3.60 4.60 5.00
27 3 3 5.70 5.20 5.20 3.05 5.35 4.53 1.00 0.55 0.00 0.05 0.00 0.05 3.15 4.85 5.00
28 3 4 5.15 5.10 4.90 3.60 5.30 4.63 1.00 0.70 0.00 0.05 0.00 0.05 3.55 3.90 5.00
29 3 5 7.10 5.30 5.45 3.30 5.80 4.05 1.00 0.50 0.00 0.05 0.00 0.05 2.85 5.95 5.00
30 3 6 5.95 6.25 5.35 4.15 4.85 5.05 1.00 0.60 0.05 0.16 0.00 0.05 4.30 3.55 4.90
31 3 7 6.15 6.45 5.35 3.75 4.55 5.21 1.00 1.00 0.00 0.05 0.00 0.11 5.60 3.90 5.00
32 3 8 5.90 7.30 6.45 4.40 4.80 5.21 1.00 0.85 0.00 0.11 0.00 0.05 4.70 5.25 5.00
33 3 9 5.75 6.30 4.70 3.85 5.60 5.00 1.00 0.80 0.00 0.11 0.00 0.16 4.50 5.20 5.00
34 3 10 6.20 5.35 5.25 3.00 5.95 5.11 1.00 0.60 0.00 0.05 0.00 0.05 3.35 4.40 5.00
35 3 11 6.15 6.10 5.25 3.20 5.30 5.53 1.00 0.60 0.05 0.00 0.00 0.11 3.25 4.75 5.00
36 3 12 5.65 6.30 5.75 3.15 4.85 5.05 1.00 0.70 0.00 0.05 0.00 0.11 3.35 4.10 5.00
37 4 1 5.10 5.55 5.95 3.25 4.80 4.68 1.00 0.50 0.05 0.00 0.00 0.11 3.80 4.85 5.05
38 4 2 3.30 3.65 4.45 2.85 5.20 2.74 1.00 0.25 0.10 0.05 0.21 0.00 2.05 4.90 4.85
39 4 3 4.50 5.35 5.00 3.45 5.65 3.95 1.00 0.50 0.00 0.05 0.00 0.05 3.35 4.25 5.00
40 4 4 4.00 6.40 6.85 3.90 4.15 4.84 1.00 0.55 0.05 0.11 0.05 0.16 4.25 4.40 4.90
41 4 5 3.65 6.15 6.65 3.15 3.90 4.58 1.00 0.50 0.05 0.11 0.00 0.11 4.60 4.80 5.10
42 4 6 4.65 5.35 5.65 3.35 3.75 4.11 1.00 0.45 0.05 0.00 0.00 0.21 4.00 4.90 5.05
43 4 7 4.25 7.30 6.95 2.40 4.10 6.11 1.00 0.95 0.00 0.00 0.05 0.37 7.45 4.65 5.00
44 4 8 3.50 5.85 6.00 3.25 4.45 2.89 1.00 0.45 0.05 0.11 0.00 0.16 3.80 4.65 4.85
45 4 9 1.90 5.90 6.75 5.20 3.90 2.84 1.00 0.45 0.05 0.05 0.11 0.05 4.40 4.80 5.05
46 4 10 2.00 5.15 6.55 3.55 4.55 2.32 1.00 0.40 0.10 0.11 0.05 0.05 3.60 5.00 4.95
47 4 11 4.40 4.80 5.25 2.80 4.95 2.53 0.95 0.35 0.10 0.05 0.00 0.05 2.80 4.55 5.00
48 4 12 4.25 5.30 5.20 2.65 4.60 3.42 0.95 0.30 0.05 0.00 0.00 0.11 3.35 4.55 4.95
49 5 1 5.00 7.35 6.25 3.95 4.60 7.42 1.00 0.95 0.00 0.00 0.00 0.16 5.75 4.85 5.00
50 5 2 7.15 5.60 5.30 3.30 5.45 4.95 1.00 0.50 0.00 0.05 0.00 0.05 3.25 4.85 5.00
51 5 3 6.25 6.05 5.45 3.85 5.05 5.53 1.00 0.60 0.00 0.11 0.00 0.05 4.90 4.45 5.00
52 5 4 6.00 5.80 5.35 3.35 5.75 5.00 1.00 0.65 0.00 0.00 0.00 0.11 3.30 5.30 5.00
53 5 5 5.00 6.45 6.90 2.20 3.70 6.26 1.00 0.65 0.05 0.00 0.00 0.11 5.30 3.65 4.85
54 5 6 5.55 5.95 5.15 3.70 5.20 5.21 1.00 0.65 0.00 0.00 0.05 0.16 4.10 3.85 5.00
55 5 7 6.45 6.10 5.75 3.30 5.00 4.79 1.00 0.60 0.05 0.05 0.05 0.05 4.55 4.70 4.90
56 5 8 6.70 6.20 5.05 4.40 5.10 5.63 1.00 0.70 0.05 0.00 0.00 0.11 4.45 4.30 4.85
57 5 9 4.80 7.30 7.80 5.55 2.60 7.53 1.00 0.95 0.00 0.00 0.11 0.21 7.45 4.25 5.00
58 5 10 5.50 6.45 6.00 3.55 4.45 6.79 1.00 0.80 0.05 0.05 0.00 0.16 5.05 4.25 5.00
59 5 11 7.00 6.85 5.40 3.95 4.85 6.53 1.00 0.75 0.00 0.05 0.00 0.05 5.05 3.75 5.00
60 5 12 6.50 6.60 5.65 4.15 4.45 6.37 1.00 0.65 0.05 0.11 0.00 0.11 5.50 4.40 4.95
61 6 1 1.50 1.50 1.75 7.70 5.40 2.26 0.60 0.10 0.20 0.00 0.05 0.16 3.20 4.95 4.75
62 6 2 1.10 1.05 1.20 8.45 5.65 2.42 0.40 0.15 0.15 0.00 0.21 0.11 3.40 4.65 4.95
63 6 3 1.25 1.60 2.70 7.95 4.85 2.16 0.50 0.30 0.15 0.00 0.16 0.00 3.85 5.05 4.85
64 6 4 1.00 1.25 1.40 8.90 5.95 1.89 0.45 0.20 0.30 0.05 0.32 0.05 3.35 4.65 5.65
65 6 5 1.60 3.90 1.65 7.85 3.50 6.00 0.85 0.90 0.05 0.00 0.05 0.68 6.15 7.20 5.00
66 6 6 1.85 2.15 2.15 8.75 5.00 7.00 0.65 0.20 0.80 0.00 0.16 0.47 3.70 5.50 6.55
67 6 7 1.70 2.45 1.90 7.65 6.50 6.11 0.65 0.25 0.95 0.00 0.21 0.37 3.50 5.35 5.75
68 6 8 1.55 1.55 1.60 8.95 5.50 3.58 0.40 0.15 0.50 0.00 0.16 0.16 3.55 4.90 6.15
69 6 9 1.05 1.10 1.65 8.50 5.75 2.05 0.40 0.20 0.35 0.00 0.21 0.21 3.45 4.85 5.80
70 6 10 1.40 1.30 1.45 8.65 5.45 2.11 0.45 0.15 0.50 0.00 0.32 0.11 3.70 5.10 5.55
71 6 11 1.00 1.15 1.20 8.75 6.10 1.53 0.40 0.10 0.30 0.00 0.21 0.05 3.45 4.80 5.75
72 6 12 1.05 1.20 1.60 8.85 5.60 2.68 0.45 0.05 0.30 0.00 0.32 0.11 3.45 5.05 5.05
73 7 1 5.00 8.20 8.30 4.45 1.45 7.53 1.00 0.85 0.05 0.11 0.05 0.21 7.25 3.55 5.05
74 7 2 3.80 6.85 6.40 3.50 2.90 7.26 1.00 0.80 0.15 0.00 0.00 0.26 7.55 4.15 5.15
75 7 3 4.40 7.45 6.50 4.15 2.25 7.53 1.00 0.90 0.15 0.05 0.11 0.26 7.35 2.95 4.95
76 7 4 6.15 7.25 7.65 5.15 2.15 6.79 1.00 0.80 0.00 0.16 0.00 0.16 6.35 3.75 5.00
77 7 5 5.10 7.60 7.15 4.35 2.45 6.37 1.00 0.95 0.05 0.05 0.00 0.37 7.25 3.20 5.05
78 7 6 6.80 5.75 5.85 3.90 3.30 6.16 1.00 0.55 0.20 0.05 0.00 0.42 6.00 4.45 5.25
79 7 7 5.00 7.45 6.90 4.50 2.35 8.37 1.00 0.80 0.15 0.00 0.00 0.42 7.45 4.45 5.40
80 7 8 4.50 5.95 6.90 6.60 2.60 7.26 1.00 0.75 0.40 0.00 0.26 0.32 6.80 3.20 4.60
81 7 9 5.55 6.80 6.80 5.20 2.10 7.32 1.00 0.70 0.15 0.05 0.11 0.32 6.80 3.75 4.85
82 7 10 6.40 6.60 6.50 5.70 3.55 7.68 1.00 0.60 0.35 0.00 0.32 0.21 5.20 3.20 4.20
83 7 11 5.25 7.45 6.50 4.55 2.50 8.63 1.00 0.85 0.10 0.00 0.00 0.47 7.40 4.00 5.20
84 7 12 5.45 6.60 6.75 4.75 3.25 5.58 1.00 0.80 0.15 0.00 0.21 0.05 6.40 3.40 4.65
85 8 1 3.25 3.55 4.95 2.85 5.85 2.21 0.95 0.40 0.05 0.05 0.21 0.11 1.80 4.90 5.00
86 8 2 5.35 6.20 5.70 4.75 3.45 6.84 1.00 0.85 0.00 0.11 0.00 0.16 5.05 5.15 5.00
87 8 3 3.30 6.45 6.15 3.35 4.20 7.11 1.00 0.90 0.00 0.00 0.00 0.42 5.80 5.95 5.00
88 8 4 5.70 6.25 5.50 4.35 4.00 6.58 1.00 0.90 0.00 0.00 0.05 0.37 6.20 5.95 5.00
89 8 5 4.60 4.80 5.90 4.65 4.30 4.84 1.00 0.40 0.00 0.00 0.00 0.11 2.90 5.15 5.00
90 8 6 5.05 6.95 7.00 6.00 2.45 7.05 1.00 0.90 0.00 0.00 0.05 0.26 5.95 3.95 5.00
91 8 7 4.70 5.85 6.20 3.40 4.45 4.84 1.00 0.70 0.00 0.11 0.00 0.11 3.60 5.00 5.00
92 8 8 4.20 6.40 6.10 4.00 4.25 5.42 1.00 0.80 0.00 0.11 0.00 0.11 4.50 5.30 5.00
93 8 9 3.95 4.80 5.05 3.10 4.25 5.63 1.00 0.85 0.00 0.05 0.05 0.37 4.80 5.50 5.00
94 8 10 5.10 6.65 7.10 4.35 4.10 5.79 1.00 0.75 0.00 0.16 0.00 0.16 4.75 4.70 5.00
95 8 11 5.45 6.35 6.95 2.45 3.50 4.63 1.00 0.60 0.05 0.74 0.00 0.00 4.60 4.65 5.00
96 8 12 4.85 6.45 6.00 4.10 4.60 6.74 1.00 0.95 0.05 0.16 0.00 0.05 4.65 5.10 5.00
97 9 1 8.20 4.95 5.90 1.80 4.35 1.58 0.85 0.35 0.05 0.95 0.00 0.00 3.60 5.35 5.05
98 9 2 7.90 5.80 7.05 2.00 3.85 2.53 0.85 0.35 0.05 0.89 0.00 0.00 3.65 5.10 5.05
99 9 3 7.60 4.85 6.60 1.85 3.90 1.32 0.90 0.30 0.05 0.89 0.00 0.05 3.55 5.00 5.05
100 9 4 7.10 5.20 6.20 1.60 4.55 1.79 0.90 0.30 0.10 1.00 0.00 0.00 3.95 5.60 4.85
101 9 5 6.60 5.20 6.35 1.55 4.85 1.63 0.90 0.25 0.10 1.00 0.00 0.00 3.80 5.65 4.85
102 9 6 7.20 5.55 7.05 1.95 5.10 1.89 0.90 0.25 0.30 1.00 0.00 0.00 3.85 4.95 4.55
103 9 7 6.90 5.85 6.65 2.35 4.15 2.42 0.90 0.30 0.05 0.79 0.00 0.00 3.70 4.60 5.00
104 9 8 7.30 4.25 5.10 2.15 4.95 1.37 0.90 0.25 0.05 1.00 0.00 0.00 3.55 5.55 5.00
105 9 9 7.85 6.10 7.60 2.15 3.70 1.68 0.90 0.35 0.10 1.00 0.00 0.00 4.65 5.15 5.10
106 9 10 8.25 6.15 7.25 1.85 5.60 2.47 0.95 0.30 0.05 1.00 0.00 0.00 4.25 5.65 5.00
107 9 11 8.15 4.75 5.30 1.70 5.60 1.53 0.85 0.25 0.10 0.89 0.00 0.00 2.90 5.35 4.90
108 9 12 8.45 4.30 4.60 2.00 5.40 2.26 1.00 0.15 0.05 0.11 0.00 0.05 2.60 5.10 4.95
109 10 1 7.10 5.60 5.85 2.75 4.45 4.37 1.00 0.80 0.00 0.11 0.00 0.16 4.25 4.60 5.00
110 10 2 5.50 5.85 4.50 2.25 5.35 5.79 1.00 0.90 0.00 0.11 0.00 0.05 4.10 4.35 5.00
111 10 3 3.80 4.90 4.10 4.65 6.55 4.63 1.00 0.45 0.80 0.00 0.11 0.11 2.95 4.80 3.45
112 10 4 7.55 3.70 4.05 2.55 5.80 2.11 0.90 0.40 0.10 0.37 0.11 0.05 2.35 5.20 4.95
113 10 5 5.50 4.35 4.95 2.25 4.35 4.05 0.95 0.35 0.20 0.37 0.05 0.05 3.25 5.30 5.30
114 10 6 4.05 5.25 4.30 3.75 6.35 6.16 1.00 0.65 1.00 0.00 0.16 0.16 3.35 4.05 4.10
115 10 7 3.15 3.75 4.45 2.40 7.15 4.37 0.85 0.35 1.00 0.00 0.26 0.11 3.00 4.45 2.95
116 10 8 7.05 3.55 3.95 1.45 6.20 1.32 0.95 0.25 0.00 0.42 0.00 0.00 1.80 5.05 5.00
117 10 9 6.25 5.85 4.55 1.80 5.45 6.16 1.00 0.90 0.00 0.11 0.05 0.11 4.50 4.90 5.00
118 10 10 5.70 5.40 4.75 2.65 5.80 5.42 1.00 0.95 0.00 0.05 0.00 0.11 3.15 4.35 5.00
119 10 11 6.90 3.10 4.00 2.00 6.30 1.74 0.85 0.20 0.45 0.00 0.16 0.00 2.40 5.15 4.25
120 10 12 5.10 5.95 5.90 2.60 5.15 5.47 1.00 0.85 0.05 0.16 0.00 0.05 4.90 4.60 5.00
121 11 1 2.00 5.55 4.60 6.25 5.05 5.63 1.00 0.75 0.00 0.00 0.00 0.37 4.40 5.20 5.00
122 11 2 2.35 4.00 5.50 2.30 4.55 2.21 0.95 0.25 0.05 0.00 0.11 0.11 2.75 4.95 4.90
123 11 3 2.00 3.85 3.30 5.55 4.50 6.16 0.85 0.40 0.95 0.00 0.05 0.26 4.30 4.00 4.35
124 11 4 2.85 5.15 5.25 3.85 5.15 3.42 1.00 0.25 0.10 0.00 0.05 0.11 2.45 5.10 5.00
125 11 5 4.40 5.50 5.30 2.90 5.90 4.37 1.00 0.55 0.00 0.16 0.00 0.05 2.15 5.40 5.00
126 11 6 3.25 4.35 5.00 2.85 5.55 3.00 1.00 0.30 0.05 0.05 0.05 0.05 2.25 5.05 5.00
127 11 7 4.00 6.00 5.75 3.65 5.15 4.53 1.00 0.70 0.00 0.00 0.00 0.16 3.75 4.50 5.00
128 11 8 1.65 4.35 6.15 6.50 4.35 3.63 0.90 0.55 0.00 0.16 0.00 0.16 3.85 4.80 5.00
129 11 9 3.00 5.75 4.45 3.50 5.85 4.89 1.00 0.60 0.30 0.05 0.00 0.05 3.15 5.85 5.50
130 11 10 2.75 5.30 4.20 2.75 6.35 4.21 1.00 0.55 0.05 0.05 0.05 0.05 2.40 5.25 5.00
131 11 11 3.10 7.00 6.95 3.65 3.50 6.58 1.00 0.95 0.10 0.05 0.00 0.32 6.15 3.20 4.85
132 11 12 3.55 6.95 7.35 4.30 2.35 7.37 1.00 0.85 0.05 0.05 0.11 0.11 6.70 3.85 5.05
133 12 1 1.00 1.65 1.40 7.75 5.60 1.89 0.60 0.20 0.15 0.00 0.74 0.00 2.95 4.85 4.60
134 12 2 1.45 1.90 3.30 8.25 4.35 2.16 0.55 0.20 0.15 0.00 0.63 0.05 3.40 5.00 4.95
135 12 3 3.15 4.90 7.30 7.55 3.50 2.16 0.85 0.55 0.15 0.05 0.53 0.11 3.90 4.00 4.75
136 12 4 1.30 1.95 3.75 8.65 4.30 3.37 0.55 0.35 0.25 0.00 0.16 0.21 3.90 4.90 5.60
137 12 5 1.05 1.85 2.85 8.40 5.00 1.68 0.40 0.15 0.10 0.00 0.32 0.00 3.60 5.20 5.10
138 12 6 2.75 2.60 4.95 6.15 6.50 2.47 0.90 0.10 0.70 0.05 0.47 0.05 2.65 5.05 2.70
139 12 7 1.70 1.30 1.65 8.00 5.90 2.11 0.40 0.10 0.30 0.00 0.11 0.11 3.50 5.00 4.25
140 12 8 1.00 1.30 1.90 8.15 5.55 1.53 0.45 0.20 0.10 0.00 0.53 0.00 3.35 4.75 5.00
141 12 9 1.15 1.40 2.10 8.15 5.30 1.84 0.50 0.25 0.20 0.00 0.32 0.16 3.05 4.40 5.35
142 12 10 1.35 3.35 5.85 7.95 4.25 2.58 0.90 0.45 0.20 0.00 0.42 0.16 3.60 3.60 4.60
143 12 11 1.15 2.55 4.35 7.15 5.40 2.37 0.75 0.25 0.40 0.00 0.58 0.05 3.30 4.50 4.15
144 12 12 1.15 2.50 3.15 8.30 4.30 2.37 0.50 0.25 0.15 0.00 0.26 0.05 3.35 4.40 4.75
145 13 1 5.40 4.05 3.50 2.45 7.15 5.21 0.85 0.35 1.00 0.00 0.21 0.11 3.85 5.05 3.15
146 13 2 5.75 5.30 4.90 3.80 6.70 6.16 1.00 0.40 0.95 0.05 0.05 0.11 4.20 4.80 6.55
147 13 3 5.85 4.50 4.55 2.85 6.45 5.58 1.00 0.35 1.00 0.00 0.05 0.11 3.45 4.55 3.45
148 13 4 5.10 5.20 4.30 2.90 6.40 6.11 1.00 0.50 1.00 0.00 0.00 0.11 3.35 4.35 3.80
149 13 5 6.10 5.00 4.80 2.90 6.50 5.21 1.00 0.45 0.25 0.05 0.00 0.05 3.15 4.70 4.60
150 13 6 6.25 4.55 3.85 2.35 8.10 4.84 0.95 0.25 0.95 0.05 0.05 0.11 2.95 5.60 2.05
151 13 7 4.95 4.00 4.00 2.90 7.50 4.74 0.80 0.25 1.00 0.00 0.05 0.16 3.25 5.10 5.55
152 13 8 5.50 5.15 4.45 4.00 7.15 5.53 1.00 0.30 1.00 0.00 0.05 0.11 3.20 5.45 2.70
153 13 9 5.35 4.90 4.15 2.25 8.05 5.32 1.00 0.35 0.95 0.00 0.11 0.11 3.25 4.35 2.15
154 13 10 5.35 5.45 5.15 3.00 6.65 6.11 1.00 0.30 0.85 0.05 0.05 0.11 3.40 5.00 3.90
155 13 11 5.30 4.85 4.65 3.30 7.65 4.95 0.95 0.25 1.00 0.00 0.21 0.16 3.85 4.70 2.30
156 13 12 4.00 5.25 4.30 3.00 5.20 5.21 1.00 0.30 0.90 0.00 0.05 0.11 3.00 4.40 7.05
157 14 1 1.85 3.00 3.85 2.95 5.10 1.84 0.90 0.25 0.05 0.00 0.26 0.00 2.40 5.00 4.95
158 14 2 5.25 2.80 3.75 2.40 5.75 2.00 1.00 0.15 0.10 0.05 0.05 0.11 1.65 5.00 4.90
159 14 3 2.80 2.60 3.75 3.40 5.50 2.16 0.70 0.15 0.10 0.00 0.47 0.05 2.50 5.30 4.90
160 14 4 3.80 3.45 4.75 2.05 5.10 2.74 0.95 0.25 0.10 0.05 0.16 0.11 2.65 4.75 4.95
161 14 5 2.00 2.15 3.45 3.15 5.45 2.00 0.80 0.20 0.05 0.00 0.16 0.11 2.25 5.05 4.90
162 14 6 2.95 2.80 4.05 2.30 5.20 2.58 0.90 0.20 0.10 0.00 0.21 0.11 2.50 5.10 5.00
163 14 7 1.65 3.05 5.05 4.35 5.40 2.74 0.85 0.20 0.05 0.16 0.11 0.00 2.65 4.55 5.20
164 14 8 3.65 3.85 5.50 3.85 4.55 2.95 1.00 0.35 0.05 0.00 0.05 0.11 3.50 4.95 4.90
165 14 9 4.25 4.85 5.40 2.65 4.30 4.58 1.00 0.20 0.15 0.00 0.05 0.05 2.80 4.95 5.10
166 14 10 4.40 3.85 4.25 2.05 4.70 2.95 0.85 0.20 0.05 0.00 0.16 0.11 3.20 4.55 4.95
167 14 11 3.40 3.90 4.60 2.10 4.75 2.58 0.95 0.40 0.10 0.00 0.00 0.11 3.70 4.30 4.95
168 14 12 3.60 2.60 3.30 3.35 5.15 2.42 0.75 0.20 0.10 0.00 0.11 0.05 2.90 4.50 4.90
169 15 1 7.60 6.20 7.10 3.65 3.30 3.89 1.00 0.40 0.05 0.16 0.00 0.16 3.80 5.05 4.95
170 15 2 8.90 2.55 4.25 5.25 5.90 1.47 0.90 0.20 0.05 0.00 0.05 0.05 2.25 5.30 4.95
171 15 3 8.95 2.70 3.70 4.15 6.00 1.63 0.80 0.15 0.05 0.00 0.00 0.11 2.00 5.20 4.90
172 15 4 8.65 3.20 4.20 5.45 5.45 3.63 0.90 0.45 0.00 0.00 0.00 0.16 2.70 4.90 5.00
173 15 5 8.20 3.15 3.90 5.35 4.70 3.58 0.90 0.30 0.40 0.00 0.00 0.16 3.05 5.85 5.10
174 15 6 8.25 3.45 4.75 4.85 4.95 2.79 0.90 0.35 0.05 0.00 0.05 0.11 3.60 5.00 5.00
175 15 7 6.30 4.95 4.35 3.25 6.95 4.84 1.00 0.40 1.00 0.00 0.11 0.11 3.45 4.75 4.05
176 15 8 6.50 4.60 5.55 5.70 4.90 5.16 1.00 0.40 0.00 0.05 0.00 0.05 3.20 4.80 5.00
177 15 9 8.30 5.20 5.80 6.30 4.80 2.42 0.95 0.45 0.00 0.00 0.00 0.16 3.50 4.40 5.00
178 15 10 7.75 4.50 5.70 6.20 5.30 3.21 1.00 0.40 0.05 0.05 0.00 0.05 2.95 5.00 4.95
179 15 11 7.20 5.50 5.25 4.85 3.95 4.63 1.00 0.40 0.10 0.00 0.05 0.16 3.75 4.35 4.90
180 15 12 6.65 4.65 4.25 5.15 6.95 4.79 0.95 0.40 0.90 0.05 0.05 0.05 3.30 4.55 3.85
181 16 1 6.25 5.05 4.65 2.70 5.55 5.05 1.00 0.40 1.00 0.00 0.16 0.11 3.40 5.60 8.90
182 16 2 4.35 4.60 4.80 2.40 4.20 4.58 1.00 0.40 0.55 0.00 0.00 0.16 3.30 4.75 6.25
183 16 3 5.85 4.25 3.70 2.55 8.05 4.11 0.95 0.30 1.00 0.00 0.16 0.05 2.55 5.35 3.90
184 16 4 5.45 3.60 3.20 3.20 5.95 5.89 0.70 0.30 1.00 0.00 0.05 0.16 3.80 5.35 8.35
185 16 5 5.30 4.30 4.05 2.15 4.75 4.32 0.95 0.30 0.80 0.05 0.00 0.16 3.30 4.70 6.85
186 16 6 5.55 5.05 4.85 3.95 5.05 5.42 0.95 0.45 0.80 0.05 0.05 0.11 3.35 4.60 7.00
187 16 7 4.60 5.20 4.55 3.15 6.35 5.84 1.00 0.45 1.00 0.00 0.11 0.16 3.90 4.35 5.10
188 16 8 4.55 5.10 4.85 3.40 6.20 4.68 1.00 0.35 0.85 0.05 0.05 0.05 3.20 4.65 4.00
189 16 9 5.05 5.85 5.85 3.05 3.80 5.00 1.00 0.65 0.15 0.00 0.00 0.11 4.70 3.55 5.00
190 16 10 4.40 5.35 4.60 2.20 5.15 5.16 1.00 0.35 0.55 0.00 0.05 0.11 4.05 4.65 5.15
191 16 11 3.25 4.35 4.85 3.00 5.05 4.79 1.00 0.30 0.80 0.00 0.16 0.05 2.70 5.05 6.80
192 16 12 4.50 4.35 4.60 2.45 7.10 4.21 0.90 0.35 0.95 0.00 0.16 0.11 2.95 4.50 3.45
193 17 1 4.50 5.50 5.45 4.95 4.25 4.89 1.00 0.90 0.10 0.00 0.00 0.58 5.20 6.60 5.15
194 17 2 5.00 3.55 4.00 2.35 5.65 4.58 0.80 0.25 0.65 0.00 0.26 0.05 3.05 5.10 3.85
195 17 3 5.80 3.30 4.40 5.25 5.20 3.21 0.80 0.15 0.35 0.00 0.21 0.11 2.75 5.10 4.60
196 17 4 4.50 3.85 3.90 5.70 4.90 5.32 0.90 0.30 0.20 0.00 0.05 0.16 3.55 4.60 5.40
197 17 5 5.95 2.90 3.25 3.75 7.10 1.89 0.80 0.15 0.55 0.00 0.63 0.00 2.30 5.15 3.55
198 17 6 5.10 3.35 3.60 6.10 6.20 3.58 0.80 0.15 0.50 0.00 0.26 0.05 3.00 4.50 4.55
199 17 7 4.25 3.40 3.80 2.65 5.90 3.21 1.00 0.15 0.45 0.00 0.26 0.11 2.25 4.90 4.50
200 17 8 2.90 2.90 2.85 6.55 6.20 3.42 0.95 0.20 0.55 0.00 0.63 0.05 1.95 4.75 4.05
201 17 9 5.65 3.45 3.95 5.00 5.35 2.42 0.90 0.20 0.35 0.00 0.37 0.00 2.60 5.05 4.90
202 17 10 4.55 3.40 3.70 2.40 5.35 2.42 0.75 0.10 0.50 0.05 0.84 0.05 2.65 5.00 4.25
203 17 11 4.75 5.25 6.15 3.90 4.85 4.58 1.00 0.25 0.50 0.00 0.26 0.11 3.80 4.75 4.55
204 17 12 6.45 3.75 4.75 6.40 5.40 3.79 0.85 0.30 0.55 0.00 0.32 0.00 2.90 5.05 3.45
205 18 1 6.05 4.35 3.90 2.85 5.35 3.68 1.00 0.35 0.05 0.05 0.00 0.05 3.25 5.05 4.90
206 18 2 5.40 3.20 3.10 2.50 7.55 4.26 0.90 0.25 1.00 0.00 0.26 0.16 2.65 4.60 2.45
207 18 3 5.55 5.10 5.15 2.85 5.45 4.05 1.00 0.70 0.05 0.00 0.00 0.11 4.35 4.70 4.95
208 18 4 6.45 4.85 4.95 3.70 4.60 3.68 0.95 0.55 0.10 0.00 0.11 0.16 4.20 4.55 5.05
209 18 5 7.55 4.05 3.80 4.30 5.70 2.95 0.95 0.30 0.05 0.00 0.11 0.11 2.45 4.75 4.90
210 18 6 6.40 4.75 4.70 4.35 5.90 4.63 1.00 0.35 0.80 0.00 0.37 0.05 3.80 4.85 3.20
211 18 7 6.15 2.60 2.90 3.45 6.05 1.84 0.80 0.15 0.65 0.00 0.16 0.05 2.40 4.60 3.75
212 18 8 7.15 4.20 4.35 3.45 5.75 2.79 1.00 0.20 0.25 0.00 0.11 0.05 2.15 4.95 4.55
213 18 9 7.05 5.05 4.05 4.40 4.65 4.11 1.00 0.50 0.00 0.00 0.05 0.11 4.85 3.85 5.00
214 18 10 6.40 5.10 5.80 4.75 3.90 4.79 1.00 0.45 0.10 0.00 0.47 0.05 3.25 4.65 5.10
215 18 11 5.65 4.40 3.90 2.15 5.90 3.47 1.00 0.20 0.10 0.05 0.00 0.05 2.85 4.65 4.85
216 18 12 6.50 3.45 3.90 1.95 6.05 2.74 0.85 0.15 0.45 0.00 0.26 0.05 2.50 5.30 3.85
217 19 1 5.80 4.20 5.10 2.95 4.70 3.74 0.95 0.25 0.55 0.05 0.37 0.00 2.65 4.75 4.10
218 19 2 6.55 5.65 6.80 5.35 3.70 3.63 0.95 0.40 0.15 0.11 0.11 0.05 3.75 5.00 4.65
219 19 3 3.15 5.50 6.55 4.55 3.80 5.47 1.00 0.50 0.10 0.05 0.05 0.11 4.25 5.05 4.90
220 19 4 4.55 5.55 5.55 4.85 3.90 5.32 1.00 0.55 0.10 0.05 0.00 0.11 4.70 5.25 4.95
221 19 5 3.90 3.95 5.10 6.80 4.74 2.84 0.90 0.30 0.15 0.00 0.53 0.00 3.40 5.45 4.85
222 19 6 4.55 6.20 6.40 5.95 3.95 4.16 0.95 0.90 0.05 0.11 0.00 0.32 4.35 5.65 4.90
223 19 7 4.15 6.10 6.30 5.00 3.70 4.53 1.00 0.40 0.05 0.11 0.11 0.00 4.35 4.70 4.95
224 19 8 5.95 5.25 5.45 4.40 3.50 4.63 0.95 0.80 0.30 0.00 0.05 0.63 4.70 5.85 5.15
225 19 9 3.20 5.60 6.15 3.05 4.70 3.21 1.00 0.60 0.05 0.05 0.11 0.00 3.85 3.85 4.90
226 19 10 4.80 5.30 5.65 4.35 4.60 3.79 1.00 0.35 0.15 0.00 0.21 0.16 2.90 5.10 4.85
227 19 11 4.55 5.45 5.80 4.15 4.10 4.53 1.00 0.80 0.00 0.00 0.00 0.74 4.90 7.05 5.00
228 19 12 4.10 6.35 5.90 4.20 3.30 6.37 1.00 0.65 0.10 0.05 0.00 0.16 4.50 5.05 5.00
229 20 1 4.90 3.75 4.25 2.45 6.15 2.53 0.95 0.15 0.15 0.00 0.16 0.05 2.20 4.50 4.70
230 20 2 6.65 1.70 2.60 6.05 5.95 2.00 0.65 0.05 0.15 0.00 0.63 0.00 2.55 4.90 4.70
231 20 3 5.00 3.10 3.70 2.40 5.20 1.11 0.75 0.10 0.25 0.00 0.95 0.00 2.35 4.90 4.65
232 20 4 4.50 2.75 3.60 2.15 5.60 1.11 0.80 0.20 0.25 0.00 0.95 0.00 2.60 4.75 5.00
233 20 5 5.10 2.80 3.70 2.90 6.20 1.68 0.80 0.20 0.15 0.00 0.42 0.05 2.25 4.30 4.95
234 20 6 3.25 2.70 4.05 2.25 5.45 2.11 0.75 0.15 0.40 0.00 0.89 0.00 2.30 4.80 4.30
235 20 7 4.40 2.60 3.20 2.35 5.60 1.47 0.80 0.15 0.10 0.00 0.42 0.00 2.25 4.85 4.85
236 20 8 3.45 2.10 2.50 1.95 6.00 1.63 0.75 0.10 0.10 0.00 0.74 0.00 2.20 4.95 4.75
237 20 9 5.10 3.20 4.20 2.90 4.70 4.79 0.80 0.35 0.55 0.00 0.95 0.00 2.80 4.30 3.85
238 20 10 5.10 3.05 4.10 2.95 5.80 1.53 0.80 0.10 0.10 0.00 0.74 0.00 2.30 4.80 4.80
239 20 11 6.75 2.90 2.90 3.55 5.40 2.16 0.80 0.15 0.20 0.00 0.89 0.00 2.15 4.75 4.85
240 20 12 4.55 2.45 2.70 1.65 6.05 2.26 0.90 0.15 0.30 0.00 0.95 0.00 1.90 4.60 3.95
241 21 1 2.15 4.25 5.80 6.30 4.40 2.58 0.80 0.30 0.10 0.05 0.37 0.00 3.45 5.00 4.75
242 21 2 1.35 2.10 3.25 8.65 4.90 2.37 0.50 0.20 0.15 0.00 0.42 0.00 3.35 4.55 4.80
243 21 3 1.30 4.35 6.60 6.15 4.65 1.74 0.85 0.40 0.25 0.00 0.74 0.00 3.45 4.35 4.45
244 21 4 2.85 3.40 4.35 7.25 4.30 2.79 0.80 0.25 0.10 0.00 0.79 0.05 3.20 4.70 4.75
245 21 5 1.55 2.95 4.90 4.65 4.60 2.63 0.95 0.25 0.05 0.00 0.05 0.05 2.40 5.00 4.90
246 21 6 2.60 2.55 4.15 6.20 4.70 2.32 0.80 0.20 0.05 0.11 0.05 0.05 2.65 5.35 5.00
247 21 7 1.65 3.55 4.60 4.10 5.15 2.26 0.85 0.25 0.10 0.00 0.58 0.00 2.45 4.70 4.80
248 21 8 1.40 2.80 4.65 5.70 4.70 2.00 0.90 0.10 0.15 0.00 0.26 0.00 2.35 4.85 4.75
249 21 9 1.10 1.05 1.15 7.75 5.90 1.42 0.40 0.15 0.25 0.00 0.42 0.05 3.60 4.70 4.40
250 21 10 1.10 2.20 4.60 6.80 4.70 1.68 0.70 0.10 0.15 0.00 0.58 0.05 2.80 5.05 4.75
251 21 11 1.30 1.90 2.65 7.40 5.00 1.63 0.55 0.20 0.10 0.00 0.16 0.11 3.25 5.35 4.85
252 21 12 3.05 4.55 5.80 4.80 3.75 3.53 0.85 0.30 0.20 0.00 0.26 0.05 3.15 5.05 4.95
253 22 1 5.00 8.75 8.70 2.20 1.00 7.05 1.00 0.85 0.10 0.11 0.21 0.16 8.50 2.75 5.05
254 22 2 5.55 8.55 8.25 3.60 1.85 7.05 1.00 1.00 0.00 0.00 0.05 0.32 8.55 2.20 5.00
255 22 3 6.20 8.05 8.00 2.40 2.45 6.53 1.00 1.00 0.00 0.05 0.05 0.32 7.65 3.95 5.00
256 22 4 5.25 6.50 6.00 3.65 3.20 5.21 1.00 0.95 0.05 0.00 0.05 0.21 6.70 2.75 4.80
257 22 5 5.50 8.00 7.90 4.95 1.85 6.74 1.00 0.95 0.00 0.00 0.00 0.37 8.50 4.25 5.00
258 22 6 5.70 7.80 7.30 4.20 3.55 5.89 1.00 0.90 0.20 0.00 0.16 0.21 7.60 2.85 4.90
259 22 7 5.70 8.60 5.40 3.85 3.30 6.58 1.00 1.00 0.00 0.00 0.00 0.32 8.35 2.40 5.00
260 22 8 5.35 8.45 6.25 3.80 2.15 8.63 1.00 1.00 0.00 0.00 0.00 0.42 8.90 2.20 5.00
261 22 9 2.00 3.65 2.75 5.45 3.00 4.63 0.90 0.65 0.15 0.00 0.16 0.26 6.30 3.15 5.00
262 22 10 4.00 7.65 4.70 3.15 3.40 6.63 1.00 1.00 0.00 0.00 0.05 0.26 7.40 3.50 5.00
263 22 11 5.75 8.85 5.15 3.95 3.15 7.47 1.00 1.00 0.05 0.00 0.00 0.37 8.05 1.20 5.00
264 22 12 4.90 8.10 8.05 2.65 2.25 7.21 1.00 1.00 0.00 0.11 0.00 0.21 7.70 4.45 5.00
265 23 1 5.80 2.05 2.15 4.85 4.55 5.95 0.65 0.30 0.25 0.00 0.05 0.26 3.60 4.90 5.10
266 23 2 8.25 1.90 2.40 4.25 5.15 3.16 0.60 0.20 0.15 0.00 0.05 0.11 3.05 4.90 4.85
267 23 3 7.55 1.85 2.50 4.20 4.55 3.95 0.75 0.25 0.15 0.00 0.37 0.05 3.10 5.00 5.05
268 23 4 6.20 2.65 2.90 2.55 5.20 3.05 0.75 0.15 0.10 0.00 0.21 0.00 2.35 4.90 4.95
269 23 5 7.85 3.00 4.70 3.70 4.50 2.42 0.90 0.45 0.50 0.00 0.16 0.37 2.95 5.30 5.40
270 23 6 7.70 2.75 2.85 4.50 4.10 3.89 0.75 0.35 0.10 0.00 0.11 0.16 3.85 5.40 5.15
271 23 7 6.70 1.95 2.60 3.25 5.60 1.74 0.70 0.15 0.15 0.00 0.16 0.11 2.55 4.55 5.25
272 23 8 7.45 2.00 2.20 7.60 5.25 3.42 0.60 0.25 0.25 0.00 0.16 0.21 2.90 5.45 5.25
273 23 9 8.35 2.35 2.45 6.70 4.25 3.26 0.65 0.40 0.15 0.00 0.00 0.26 3.35 4.75 4.95
274 23 10 7.10 2.50 2.40 4.85 4.35 3.95 0.75 0.20 0.30 0.05 0.21 0.47 3.30 5.45 5.40
275 23 11 1.70 1.60 1.65 8.25 4.25 5.68 0.70 0.40 0.15 0.05 0.05 0.26 4.20 5.50 4.95
276 23 12 3.40 3.40 4.25 3.85 4.30 3.63 0.80 0.15 0.10 0.00 0.37 0.00 3.25 5.30 5.10
277 24 1 4.20 7.95 8.40 2.45 2.20 7.21 1.00 1.00 0.05 0.05 0.00 0.32 7.05 4.85 4.95
278 24 2 6.80 7.10 6.45 2.65 3.25 6.53 1.00 1.00 0.00 0.00 0.00 0.21 6.75 5.55 5.00
279 24 3 5.00 7.85 5.75 2.85 4.05 6.63 1.00 1.00 0.00 0.05 0.00 0.32 6.25 6.90 5.00
280 24 4 3.10 8.40 7.90 2.95 2.10 7.63 1.00 1.00 0.00 0.00 0.00 0.42 8.35 5.75 5.00
281 24 5 5.00 7.95 6.70 4.60 2.10 8.79 1.00 0.95 0.00 0.00 0.00 0.47 8.55 5.40 5.00
282 24 6 4.50 6.90 7.45 1.90 2.65 4.84 1.00 0.70 0.05 0.11 0.21 0.11 6.15 4.40 5.05
283 24 7 6.00 8.45 8.15 1.95 2.15 8.32 1.00 1.00 0.00 0.05 0.00 0.42 8.55 6.40 5.00
284 24 8 6.05 7.45 8.15 3.15 2.20 5.16 1.00 0.95 0.00 0.05 0.00 0.37 6.90 5.70 5.00
285 24 9 4.05 8.00 7.25 2.35 2.40 7.68 1.00 0.95 0.00 0.00 0.05 0.26 7.30 6.65 5.00
286 24 10 5.65 6.95 5.60 2.90 3.50 6.32 1.00 0.95 0.05 0.00 0.00 0.21 7.05 8.15 5.10
287 24 11 5.50 8.40 8.05 2.95 2.00 7.74 1.00 1.00 0.00 0.00 0.05 0.37 7.90 5.75 5.00
288 24 12 4.05 4.40 5.95 2.20 4.75 3.05 0.85 0.25 0.05 0.00 0.37 0.00 3.35 4.80 5.10
289 25 1 7.15 2.50 3.00 1.70 6.30 1.53 0.85 0.10 0.05 0.11 0.11 0.05 2.20 4.65 4.85
290 25 2 5.00 5.05 5.90 3.95 4.30 5.37 1.00 0.35 0.05 0.00 0.42 0.00 3.95 4.40 4.95
291 25 3 5.25 4.05 4.35 3.85 4.50 4.16 1.00 0.45 0.15 0.00 0.21 0.05 3.20 4.15 5.05
292 25 4 8.00 3.00 3.70 2.25 5.80 2.26 0.90 0.20 0.05 0.32 0.00 0.11 2.20 5.60 4.95
293 25 5 7.25 2.80 2.70 3.05 5.20 3.53 0.70 0.25 0.35 0.00 0.16 0.16 3.65 4.85 5.60
294 25 6 8.80 2.85 3.50 4.35 5.75 2.11 0.85 0.25 0.10 0.00 0.32 0.00 1.90 5.40 5.05
295 25 7 4.95 2.90 3.20 2.35 6.00 1.84 0.90 0.15 0.05 0.05 0.11 0.11 1.80 5.10 4.80
296 25 8 7.30 3.45 5.00 1.85 4.40 1.68 0.85 0.30 0.10 0.68 0.00 0.11 2.85 4.85 4.95
297 25 9 7.30 3.90 4.00 2.45 5.00 2.58 0.75 0.25 0.10 0.00 0.63 0.00 3.20 4.75 4.75
298 25 10 4.70 3.20 3.40 1.90 4.55 2.68 0.90 0.15 0.10 0.05 0.26 0.00 2.65 5.25 4.95
299 25 11 6.60 5.35 5.70 3.25 3.65 2.68 1.00 0.40 0.10 0.79 0.00 0.05 3.70 4.80 4.90
300 25 12 7.85 2.55 3.30 2.25 5.55 1.42 0.70 0.15 0.05 0.00 0.37 0.05 2.55 5.00 5.00
301 26 1 6.90 3.20 4.05 2.30 5.20 3.26 1.00 0.25 0.10 0.00 0.16 0.21 2.70 5.30 5.00
302 26 2 7.65 4.65 6.40 2.35 5.05 2.11 0.85 0.30 0.10 0.05 0.32 0.05 2.95 4.25 5.15
303 26 3 8.05 4.45 7.10 3.15 3.50 1.95 0.90 0.30 0.20 0.00 0.42 0.05 2.80 4.45 5.40
304 26 4 2.10 1.75 3.10 4.20 4.90 2.16 0.70 0.15 0.15 0.00 0.32 0.05 3.10 4.80 4.95
305 26 5 6.70 4.85 6.35 2.10 3.10 2.32 0.75 0.40 0.20 0.00 0.05 0.95 5.05 4.10 5.20
306 26 6 7.10 3.90 4.15 2.35 4.80 1.95 0.85 0.20 0.10 0.00 0.37 0.05 2.70 4.90 5.00
307 26 7 6.95 4.20 4.70 2.40 5.30 1.95 0.90 0.20 0.10 0.00 0.05 0.05 2.90 4.75 5.00
308 26 8 7.00 4.05 4.80 4.25 4.30 2.21 0.90 0.35 0.15 0.00 0.11 0.16 2.85 4.75 5.05
309 26 9 5.20 2.45 3.40 2.55 5.30 3.00 0.80 0.15 0.10 0.00 0.26 0.11 2.45 4.95 5.20
310 26 10 6.00 2.10 2.40 1.95 5.90 1.53 0.85 0.20 0.15 0.00 0.16 0.11 1.70 5.00 5.10
311 26 11 7.05 2.85 4.05 2.40 5.10 2.05 0.85 0.15 0.10 0.00 0.16 0.05 2.30 4.95 4.80
312 26 12 7.15 3.45 5.00 4.00 4.70 2.47 0.90 0.35 0.10 0.00 0.26 0.05 2.95 4.90 5.10
313 27 1 8.35 4.55 5.50 4.85 4.65 3.74 0.90 0.35 0.05 0.00 0.11 0.05 3.50 5.35 5.15
314 27 2 8.55 2.30 2.85 5.65 5.10 3.05 0.70 0.25 0.35 0.05 0.47 0.11 3.40 4.50 3.75
315 27 3 8.50 3.00 3.40 6.65 6.35 2.47 0.75 0.40 0.55 0.00 0.16 0.11 3.20 4.25 3.65
316 27 4 7.65 6.15 7.55 4.40 2.10 4.79 0.90 0.60 0.10 0.00 0.05 0.74 5.00 4.35 4.80
317 27 5 4.35 4.75 6.45 3.25 4.50 3.05 0.95 0.35 0.45 0.05 0.00 0.16 2.70 5.10 4.75
318 27 6 8.10 2.45 2.55 5.40 5.50 2.00 0.85 0.35 0.05 0.00 0.11 0.05 2.25 4.70 4.95
319 27 7 8.35 3.40 4.40 4.15 5.65 2.16 0.80 0.30 0.05 0.00 0.00 0.11 2.95 4.75 4.95
320 27 8 6.55 3.30 4.40 6.15 4.10 4.11 0.70 0.35 0.40 0.00 0.37 0.26 4.05 4.15 3.70
321 27 9 7.80 3.15 4.75 7.25 5.20 3.58 0.70 0.45 0.40 0.00 0.58 0.16 4.00 4.10 3.65
322 27 10 8.25 3.05 4.80 6.35 4.50 3.37 0.95 0.35 0.10 0.00 0.16 0.11 2.80 4.50 5.05
323 27 11 8.10 2.60 3.10 6.80 5.40 3.42 0.65 0.35 0.35 0.00 0.21 0.05 3.55 4.25 3.85
324 27 12 6.25 3.25 3.90 7.05 3.55 5.16 0.80 0.35 0.20 0.05 0.32 0.05 3.40 4.35 4.40
325 28 1 5.20 4.60 5.10 7.00 3.95 3.16 0.75 0.35 0.15 0.00 0.63 0.16 5.10 3.80 4.60
326 28 2 3.85 6.60 7.65 6.35 3.65 4.32 0.90 0.70 0.00 0.00 0.05 0.16 4.95 4.45 5.00
327 28 3 7.10 6.40 7.15 6.05 3.80 4.26 1.00 0.65 0.05 0.05 0.00 0.11 4.85 4.40 5.05
328 28 4 6.40 7.20 8.20 7.30 1.80 7.74 0.90 0.75 0.10 0.00 0.16 0.32 7.20 3.50 4.85
329 28 5 6.50 4.00 4.75 5.15 4.15 4.95 0.95 0.45 0.10 0.00 0.05 0.11 3.65 4.60 4.95
330 28 6 4.35 6.90 8.05 6.50 3.50 3.84 0.90 0.65 0.10 0.00 0.00 0.26 4.60 4.25 5.05
331 28 7 8.05 6.75 8.20 6.35 2.65 3.58 0.85 0.60 0.10 0.16 0.05 0.16 5.25 3.45 4.85
332 28 8 8.25 3.15 3.60 7.25 5.40 3.37 0.70 0.45 0.40 0.00 0.53 0.16 3.65 3.95 4.15
333 28 9 7.55 5.60 7.75 7.25 2.45 3.84 0.80 0.65 0.10 0.05 0.32 0.32 5.60 3.05 4.85
334 28 10 8.30 3.00 3.95 6.20 5.50 2.74 0.95 0.35 0.05 0.00 0.00 0.16 2.95 5.15 4.90
335 28 11 7.00 3.55 3.30 5.90 4.90 3.32 0.95 0.40 0.15 0.00 0.11 0.05 3.00 5.20 5.00
336 28 12 8.40 2.30 3.70 7.45 4.00 3.95 0.70 0.25 0.10 0.00 0.16 0.11 3.60 4.65 4.85
337 29 1 4.55 4.10 3.55 2.35 8.90 6.05 0.95 0.20 1.00 0.00 0.21 0.16 2.40 4.75 1.30
338 29 2 7.10 3.55 3.65 2.75 7.55 2.89 0.95 0.20 0.90 0.00 0.21 0.05 1.60 5.00 1.95
339 29 3 7.15 2.85 2.75 2.35 6.85 2.89 0.90 0.20 0.80 0.21 0.05 0.00 1.85 5.35 3.40
340 29 4 7.10 3.00 3.40 1.75 5.60 1.32 0.90 0.15 0.05 0.05 0.00 0.05 1.80 5.30 4.85
341 29 5 5.40 3.20 3.85 2.00 6.60 2.79 0.90 0.15 0.65 0.05 0.42 0.05 1.80 5.40 4.00
342 29 6 6.65 4.15 4.35 1.95 8.40 4.63 0.95 0.20 1.00 0.00 0.16 0.11 2.85 5.05 1.25
343 29 7 5.50 3.50 3.75 2.15 8.95 5.79 0.95 0.20 0.95 0.00 0.16 0.11 2.40 4.80 1.40
344 29 8 7.25 2.95 3.40 2.10 6.50 1.95 0.90 0.20 0.05 0.05 0.00 0.05 1.70 5.10 4.85
345 29 9 5.85 3.85 3.85 1.80 7.75 4.63 0.95 0.15 0.95 0.05 0.05 0.11 2.05 4.90 1.75
346 29 10 6.70 4.25 5.35 2.25 5.50 2.68 1.00 0.40 0.00 0.26 0.05 0.00 2.15 5.50 5.00
347 29 11 7.00 4.05 4.95 2.10 5.70 1.79 0.90 0.10 0.05 0.16 0.05 0.05 2.35 5.05 4.90
348 29 12 7.05 3.30 3.60 1.60 6.65 2.84 0.90 0.20 0.65 0.05 0.21 0.05 1.95 5.10 3.40
349 30 1 4.20 2.35 2.70 3.75 5.95 1.79 0.75 0.25 0.45 0.00 0.58 0.05 2.55 5.10 4.45
350 30 2 2.50 3.80 4.95 3.10 4.90 3.47 0.85 0.25 0.10 0.00 0.68 0.05 2.85 4.95 4.95
351 30 3 5.20 3.00 4.00 2.00 5.25 1.89 0.70 0.10 0.10 0.00 0.47 0.00 2.95 4.75 4.95
352 30 4 2.55 2.35 2.85 2.30 5.80 1.68 0.75 0.15 0.15 0.00 0.89 0.00 2.30 4.65 4.90
353 30 5 3.75 2.45 2.80 2.65 6.10 2.11 0.85 0.20 0.40 0.00 0.74 0.00 2.10 5.20 4.40
354 30 6 4.40 4.40 4.15 3.35 6.60 5.95 0.85 0.35 0.90 0.00 0.37 0.16 3.70 5.30 2.25
355 30 7 4.80 2.80 3.45 3.45 5.40 1.84 0.80 0.20 0.20 0.00 0.26 0.05 2.60 5.00 5.00
356 30 8 3.50 3.10 3.60 4.70 5.15 2.21 0.95 0.25 0.10 0.00 0.68 0.05 1.70 4.70 5.10
357 30 9 3.65 4.00 5.20 3.15 3.70 4.68 0.95 0.40 0.05 0.00 0.79 0.05 3.50 4.85 5.10
358 30 10 4.05 2.90 3.75 1.80 5.50 1.89 0.85 0.15 0.10 0.00 0.37 0.05 2.15 5.30 5.00
359 30 11 5.05 3.45 5.25 3.75 5.30 4.58 0.95 0.35 0.70 0.00 0.68 0.00 3.40 4.95 4.00
360 30 12 5.35 3.35 3.80 2.75 5.50 2.11 0.95 0.15 0.10 0.00 0.68 0.00 1.85 4.90 5.05